1 0.197757 0.219681 0.015864 0.014894
1 0.244256 0.230851 0.014770 0.013830
1 0.272976 0.240160 0.014223 0.013298
1 0.321116 0.245745 0.015317 0.012766
1 0.377188 0.240426 0.014770 0.013830
1 0.408370 0.229787 0.013676 0.014894
1 0.439551 0.214096 0.014770 0.012234
1 0.467724 0.219681 0.014223 0.012766
1 0.571116 0.203723 0.014223 0.013830
1 0.621171 0.209840 0.015864 0.014362
1 0.650985 0.198936 0.015317 0.014894
1 0.681346 0.202926 0.015864 0.013298
1 0.707330 0.214628 0.015317 0.015426
1 0.756291 0.219947 0.014770 0.014362
1 0.835066 0.219947 0.014770 0.013298
1 0.182713 0.408245 0.014223 0.014362
1 0.233042 0.408245 0.015317 0.014362
1 0.262309 0.414362 0.014770 0.014894
1 0.309902 0.426330 0.014770 0.015426
1 0.371444 0.414628 0.015317 0.015426
1 0.401532 0.425532 0.014223 0.014894
1 0.432440 0.430585 0.014770 0.013298
1 0.466904 0.435638 0.013676 0.013830
1 0.564551 0.425798 0.015317 0.014362
1 0.617341 0.425798 0.014770 0.014362
1 0.646882 0.447074 0.014770 0.011170
1 0.698851 0.447606 0.016958 0.013298
1 0.756838 0.431383 0.013676 0.013830
1 0.833425 0.430319 0.015864 0.014894
1 0.229486 0.630053 0.014770 0.015426
1 0.263676 0.619947 0.015317 0.014362
1 0.311269 0.629787 0.015317 0.015957
1 0.370077 0.620479 0.014770 0.016489
1 0.404540 0.614096 0.014770 0.014362
1 0.438184 0.603191 0.017505 0.017021
1 0.468545 0.609574 0.015864 0.017021
1 0.566740 0.592819 0.015317 0.014362
1 0.610777 0.609309 0.015864 0.014362
1 0.638950 0.619415 0.014223 0.015426
1 0.668764 0.623936 0.013676 0.012766
1 0.699945 0.629521 0.015864 0.013298
1 0.756565 0.609574 0.015317 0.014894
1 0.834245 0.609043 0.015317 0.014894
1 0.178884 0.796277 0.015317 0.015957
1 0.232495 0.797340 0.014223 0.012766
1 0.264223 0.786702 0.015317 0.013830
1 0.316466 0.797606 0.015864 0.013298
1 0.369803 0.803191 0.015317 0.014894
1 0.422593 0.813298 0.014770 0.014894
1 0.451860 0.818085 0.015317 0.013830
1 0.504103 0.823670 0.015864 0.013298
1 0.565646 0.813564 0.015317 0.013298
1 0.619803 0.813830 0.015317 0.014894
1 0.650164 0.808777 0.015864 0.013298
1 0.698851 0.818617 0.014770 0.013830
1 0.754103 0.823404 0.015864 0.014894
1 0.832057 0.824202 0.014223 0.015426
3 0.253009 0.206915 0.014770 0.034043
3 0.329869 0.222872 0.015317 0.034043
3 0.386761 0.217819 0.013129 0.031383
3 0.417123 0.207181 0.012582 0.030319
3 0.438457 0.237234 0.015864 0.029787
3 0.619803 0.232713 0.016411 0.028191
3 0.649617 0.221277 0.016958 0.031915
3 0.680252 0.226330 0.013676 0.033511
3 0.707330 0.236702 0.015317 0.031915
3 0.769420 0.215957 0.009300 0.007447
3 0.232221 0.431915 0.015864 0.032979
3 0.318107 0.402128 0.013676 0.035106
3 0.379923 0.390957 0.014770 0.035106
3 0.409190 0.402128 0.012035 0.034043
3 0.442013 0.408245 0.015317 0.035638
3 0.626368 0.401064 0.014223 0.034043
3 0.707877 0.422074 0.010941 0.033511
3 0.319475 0.608511 0.012035 0.032979
3 0.378282 0.597340 0.012582 0.034043
3 0.412746 0.592287 0.013676 0.033511
3 0.437363 0.625000 0.012582 0.030851
3 0.619530 0.586702 0.012582 0.031915
3 0.648249 0.596543 0.013129 0.033511
3 0.677516 0.603191 0.013676 0.034043
3 0.708425 0.607713 0.014223 0.034574
3 0.230853 0.820479 0.015317 0.033511
3 0.315372 0.820745 0.014770 0.034043
3 0.430799 0.790957 0.014770 0.035106
3 0.513676 0.800798 0.015317 0.033511
3 0.628556 0.790957 0.013129 0.035106
3 0.707057 0.796543 0.012582 0.034574
12 0.102298 0.216223 0.032823 0.076064
12 0.101477 0.410638 0.032276 0.078723
12 0.101204 0.605585 0.030635 0.077128
12 0.100930 0.799734 0.031182 0.076064
15 0.131838 0.192819 0.013129 0.031383
15 0.143053 0.209309 0.013676 0.031383
15 0.132112 0.386968 0.012582 0.031383
15 0.143053 0.403989 0.014770 0.033511
15 0.132112 0.582447 0.012582 0.031915
15 0.143053 0.597872 0.013676 0.031915
15 0.131838 0.776862 0.014223 0.031383
15 0.143053 0.792021 0.014770 0.034043
6 0.891411 0.214362 0.016958 0.027660
6 0.891958 0.409043 0.014770 0.028723
6 0.891138 0.603723 0.015317 0.025532
6 0.882659 0.798670 0.014770 0.025000
11 0.477845 0.433511 0.007112 0.009574
11 0.481127 0.604787 0.006018 0.007447
11 0.768873 0.428191 0.004923 0.008511
11 0.769420 0.603989 0.004923 0.007979
3 0.237691 0.607181 0.014770 0.033511
14 0.795678 0.226862 0.061816 0.019681
14 0.796499 0.438298 0.061269 0.019149
14 0.796499 0.618085 0.057987 0.015957
14 0.794037 0.832181 0.059628 0.014362
16 0.180252 0.636702 0.023523 0.009574
18 0.180252 0.646809 0.023523 0.015957
11 0.766685 0.820213 0.008206 0.010638
