1 0.136341 0.183376 0.016098 0.013811
1 0.164878 0.184143 0.014634 0.014322
1 0.193659 0.183632 0.014634 0.013299
1 0.222683 0.183632 0.014146 0.014322
1 0.282439 0.184143 0.014634 0.013299
1 0.311220 0.179028 0.014634 0.013299
1 0.339756 0.174680 0.014146 0.014834
1 0.390488 0.179540 0.014146 0.013299
1 0.427805 0.183376 0.014634 0.013811
1 0.455122 0.183887 0.014634 0.014834
1 0.768049 0.183120 0.015122 0.013299
1 0.818293 0.179028 0.014146 0.014322
1 0.844146 0.179540 0.014146 0.013299
1 0.871707 0.183120 0.014634 0.016368
1 0.110244 0.365985 0.015610 0.014834
1 0.142439 0.365985 0.015610 0.013811
1 0.173659 0.366240 0.015610 0.014322
1 0.206585 0.365473 0.016098 0.013811
1 0.270732 0.365217 0.015610 0.013299
1 0.303902 0.361637 0.014634 0.013299
1 0.335122 0.356522 0.014634 0.015345
1 0.387561 0.360870 0.015122 0.013811
1 0.416829 0.361637 0.016098 0.013299
1 0.448537 0.365985 0.014146 0.014834
1 0.477073 0.365729 0.014634 0.012276
1 0.110244 0.531969 0.015610 0.013299
1 0.155122 0.532481 0.015610 0.012276
1 0.228537 0.543990 0.015122 0.014834
1 0.249024 0.543223 0.013171 0.013299
1 0.270000 0.532737 0.012195 0.011765
1 0.299512 0.543223 0.013659 0.014322
1 0.347073 0.538107 0.015122 0.017391
1 0.376341 0.538107 0.014146 0.016368
1 0.404634 0.538107 0.014146 0.014322
1 0.433902 0.547315 0.014146 0.012276
1 0.462683 0.547570 0.014146 0.012788
1 0.569512 0.542711 0.014146 0.014322
1 0.613171 0.543734 0.014634 0.014322
1 0.808293 0.547315 0.014634 0.014322
1 0.848780 0.543223 0.013659 0.013299
1 0.877805 0.538363 0.014146 0.014834
1 0.906098 0.537852 0.015122 0.014834
1 0.110244 0.714578 0.014634 0.015345
1 0.161220 0.714322 0.014146 0.011765
1 0.242927 0.714578 0.013659 0.013299
1 0.266098 0.714322 0.013171 0.011765
1 0.288537 0.704859 0.013171 0.012276
1 0.322195 0.713811 0.015122 0.012788
1 0.374390 0.710230 0.014146 0.012788
1 0.422439 0.710230 0.015610 0.013811
1 0.454146 0.719693 0.015610 0.014322
1 0.484634 0.719949 0.014146 0.014834
1 0.599756 0.705115 0.014146 0.013811
1 0.639268 0.704604 0.016098 0.014834
1 0.663902 0.705627 0.014634 0.011765
1 0.714878 0.704348 0.016098 0.013299
1 0.745610 0.704092 0.016098 0.012788
1 0.779024 0.709974 0.014634 0.013299
1 0.813415 0.704859 0.017073 0.013299
1 0.110732 0.876471 0.014634 0.013811
1 0.160488 0.875959 0.015610 0.014834
1 0.211463 0.876726 0.015122 0.013299
1 0.242927 0.876471 0.014634 0.012788
1 0.278293 0.875959 0.014146 0.013811
1 0.311220 0.876471 0.014634 0.012788
1 0.364878 0.881586 0.016585 0.013811
1 0.413902 0.886701 0.014146 0.012788
1 0.445366 0.891816 0.015610 0.014834
1 0.478537 0.891816 0.015610 0.013811
1 0.595854 0.896419 0.016098 0.012788
1 0.646829 0.897187 0.015610 0.014322
1 0.732195 0.892072 0.014634 0.014322
1 0.763171 0.887212 0.014146 0.011765
1 0.798293 0.880818 0.015122 0.016368
1 0.790000 0.376726 0.014146 0.010742
1 0.728537 0.542711 0.014146 0.013299
18 0.560732 0.190537 0.020976 0.013811
18 0.590000 0.190537 0.021951 0.013811
18 0.621951 0.190537 0.021463 0.013811
18 0.650732 0.190537 0.021463 0.013811
18 0.709024 0.189514 0.022927 0.011765
18 0.739268 0.189770 0.021951 0.014322
18 0.899512 0.189770 0.022439 0.015345
18 0.596341 0.373146 0.022927 0.015857
18 0.628049 0.372123 0.022927 0.014834
18 0.659756 0.372634 0.021951 0.013811
18 0.692439 0.372379 0.021951 0.015345
18 0.756098 0.372123 0.020488 0.013811
18 0.821707 0.381074 0.022927 0.013299
18 0.687561 0.553708 0.021951 0.018926
18 0.710732 0.554731 0.022439 0.017903
18 0.758049 0.553708 0.021463 0.014834
0 0.872683 0.377749 0.017561 0.011765
0 0.866098 0.698721 0.016098 0.016368
0 0.852927 0.886957 0.014146 0.013299
12 0.039512 0.159591 0.030244 0.076726
12 0.040244 0.341688 0.028780 0.075703
12 0.040244 0.525320 0.028780 0.075703
12 0.040732 0.705882 0.028780 0.076726
12 0.040000 0.886701 0.029268 0.078261
10 0.075610 0.138875 0.013659 0.025064
10 0.067317 0.153964 0.010732 0.024552
10 0.076341 0.318926 0.014146 0.027110
10 0.067317 0.337084 0.010732 0.023529
10 0.075610 0.502558 0.012683 0.025064
10 0.067317 0.518926 0.011707 0.025064
10 0.076341 0.683632 0.011220 0.024041
10 0.067317 0.700256 0.011707 0.024552
10 0.076098 0.864706 0.011707 0.027110
10 0.067073 0.881330 0.011220 0.022506
3 0.145610 0.162404 0.016098 0.036317
3 0.174878 0.163683 0.017073 0.036829
3 0.203659 0.163939 0.014146 0.033248
3 0.231951 0.162660 0.015122 0.037852
3 0.349268 0.152685 0.014634 0.037340
3 0.437073 0.163427 0.013659 0.037340
3 0.465366 0.163171 0.015610 0.035806
3 0.570976 0.169565 0.016098 0.035294
3 0.599512 0.169821 0.014634 0.035806
3 0.631463 0.168798 0.015122 0.036829
3 0.660000 0.167008 0.014634 0.034271
3 0.718293 0.168031 0.015122 0.035294
3 0.748049 0.168542 0.015122 0.037340
3 0.776585 0.163683 0.014634 0.036829
3 0.827805 0.158056 0.015610 0.036829
3 0.852927 0.158056 0.014146 0.038875
3 0.881463 0.162916 0.015610 0.039386
3 0.909024 0.168286 0.014146 0.034783
3 0.119024 0.344501 0.016585 0.036317
3 0.151220 0.343223 0.015610 0.037852
3 0.183171 0.345269 0.015122 0.035806
3 0.216585 0.346547 0.016585 0.035294
3 0.280732 0.344757 0.015122 0.037852
3 0.312927 0.339642 0.014146 0.037852
3 0.344634 0.335550 0.016098 0.034783
3 0.396341 0.340153 0.014146 0.037852
3 0.425610 0.340665 0.014146 0.035806
3 0.457317 0.344246 0.015122 0.039898
3 0.486585 0.345013 0.016098 0.037340
3 0.604878 0.349872 0.016585 0.035806
3 0.635610 0.350895 0.016585 0.036829
3 0.669024 0.348849 0.016098 0.033760
3 0.703902 0.349616 0.019512 0.037340
3 0.830244 0.360358 0.015610 0.034271
3 0.279756 0.513043 0.016098 0.035806
3 0.308780 0.521228 0.015610 0.039898
3 0.357317 0.518159 0.013171 0.040921
3 0.385122 0.517903 0.015122 0.038363
3 0.414634 0.517647 0.015610 0.035806
3 0.442927 0.527621 0.014634 0.039386
3 0.738293 0.523018 0.013171 0.037340
3 0.767073 0.532737 0.014146 0.037340
3 0.857317 0.521228 0.016098 0.036829
3 0.886829 0.516368 0.015610 0.035294
3 0.287805 0.726087 0.015610 0.033248
3 0.332439 0.693095 0.015122 0.035806
3 0.432683 0.688491 0.018537 0.037852
3 0.463415 0.698977 0.015610 0.036317
3 0.600488 0.725320 0.017561 0.031714
3 0.713902 0.726598 0.015122 0.031202
3 0.746829 0.727877 0.018537 0.033760
3 0.788049 0.687980 0.014146 0.039898
3 0.814634 0.727366 0.016585 0.034783
3 0.211951 0.898465 0.016098 0.032225
3 0.244146 0.898721 0.018049 0.033760
3 0.278293 0.898210 0.016098 0.034783
3 0.310976 0.898210 0.017073 0.037852
3 0.413659 0.908440 0.017561 0.034783
3 0.454146 0.869821 0.014634 0.036317
3 0.799024 0.904092 0.017561 0.034271
11 0.868293 0.880307 0.008780 0.008184
11 0.882195 0.699233 0.007317 0.012276
11 0.889756 0.375192 0.006829 0.008696
6 0.251220 0.162916 0.016585 0.024041
6 0.677805 0.162404 0.015122 0.020972
6 0.723659 0.343223 0.015122 0.020460
6 0.239024 0.343990 0.018537 0.024041
6 0.197805 0.526087 0.018049 0.024041
6 0.657805 0.527110 0.020976 0.026087
6 0.209268 0.708951 0.019512 0.024552
11 0.616829 0.698465 0.008293 0.009719
6 0.695610 0.890026 0.018537 0.023529
5 0.948049 0.340409 0.020000 0.036317
5 0.506829 0.521228 0.018537 0.033760
5 0.949024 0.521483 0.014146 0.034271
5 0.531463 0.703581 0.014146 0.037340
5 0.946341 0.703069 0.014634 0.036317
5 0.528780 0.884910 0.013659 0.033760
5 0.935854 0.884910 0.018049 0.034783
20 0.483171 0.158824 0.024878 0.016880
20 0.928049 0.158056 0.022927 0.013299
20 0.507561 0.340153 0.022927 0.014322
4 0.237073 0.521995 0.015610 0.037340
4 0.259024 0.522506 0.016585 0.036317
4 0.696829 0.532225 0.016098 0.035294
4 0.718780 0.532737 0.018049 0.035294
4 0.252195 0.693350 0.016585 0.037340
4 0.275854 0.693350 0.016098 0.038363
4 0.640000 0.728389 0.016585 0.032737
8 0.777805 0.335806 0.040488 0.021995
8 0.752439 0.851918 0.038537 0.016880
8 0.301707 0.144757 0.034634 0.016368
14 0.450000 0.560358 0.035610 0.015857
14 0.469268 0.734271 0.034146 0.016880
14 0.690244 0.692583 0.054634 0.015345
14 0.892683 0.551151 0.035122 0.013811
14 0.228293 0.864450 0.037073 0.016368
14 0.462683 0.904348 0.035610 0.014322
16 0.789024 0.369821 0.020000 0.006138
16 0.821220 0.370077 0.024878 0.007673
16 0.872927 0.369565 0.021951 0.008696
