1 0.124324 0.421694 0.014742 0.026682
1 0.199754 0.363689 0.015233 0.031323
1 0.249877 0.365429 0.017199 0.032483
1 0.098526 0.763341 0.015233 0.027842
1 0.184029 0.788863 0.014251 0.027842
1 0.240541 0.801044 0.015233 0.031323
1 0.322359 0.377030 0.016708 0.039443
1 0.381572 0.386891 0.016216 0.031323
1 0.442506 0.410673 0.017199 0.034803
1 0.502457 0.420534 0.015233 0.033643
1 0.583538 0.448956 0.017199 0.027842
1 0.316708 0.763341 0.014251 0.034803
1 0.378624 0.757541 0.016216 0.034803
1 0.440049 0.744200 0.015233 0.033643
1 0.553071 0.719838 0.016216 0.031323
1 0.655528 0.446636 0.016708 0.025522
1 0.628993 0.741299 0.015725 0.027842
1 0.671499 0.755800 0.015233 0.031323
1 0.734398 0.799304 0.016216 0.032483
1 0.817199 0.765081 0.016708 0.031323
1 0.696806 0.422854 0.014742 0.031323
1 0.757248 0.410673 0.014742 0.032483
1 0.835872 0.421114 0.015725 0.034803
3 0.200737 0.415893 0.019165 0.073086
3 0.251106 0.414733 0.019656 0.070766
3 0.331695 0.330046 0.015725 0.084687
3 0.392629 0.338747 0.020639 0.085847
3 0.451351 0.355568 0.016216 0.084687
3 0.511794 0.375290 0.015233 0.096288
3 0.192875 0.741299 0.016216 0.088167
3 0.249877 0.751740 0.017199 0.088167
3 0.325553 0.715777 0.015233 0.090487
3 0.388206 0.711137 0.017690 0.090487
3 0.591892 0.395012 0.017199 0.084687
3 0.553563 0.767401 0.023096 0.070766
3 0.679853 0.705916 0.018182 0.082367
3 0.742998 0.750580 0.017690 0.081206
3 0.707125 0.370070 0.017690 0.083527
3 0.765848 0.360209 0.019165 0.077726
4 0.664373 0.393852 0.014742 0.082367
4 0.628747 0.790023 0.015233 0.076566
11 0.850860 0.418794 0.011302 0.030162
11 0.833907 0.753480 0.009828 0.022042
11 0.568550 0.708237 0.010811 0.022042
16 0.583784 0.430974 0.026536 0.022042
16 0.654054 0.430394 0.023587 0.023202
12 0.037592 0.366589 0.029975 0.176334
12 0.036609 0.745360 0.032924 0.182135
15 0.064619 0.315545 0.015233 0.067285
15 0.064373 0.695476 0.014742 0.070766
6 0.937838 0.370070 0.017199 0.058005
6 0.929975 0.748260 0.015233 0.058005
