12 0.036929 0.251366 0.026239 0.112412
12 0.035957 0.539422 0.028183 0.110851
12 0.035471 0.830601 0.027211 0.115535
18 0.098639 0.298205 0.021380 0.024980
18 0.140914 0.295472 0.022352 0.017955
18 0.188047 0.295082 0.023324 0.021858
18 0.234208 0.295082 0.020408 0.021858
18 0.299320 0.297424 0.020408 0.020297
1 0.333819 0.285714 0.019436 0.024980
1 0.365889 0.277127 0.015549 0.023419
1 0.397959 0.285714 0.015549 0.020297
1 0.433188 0.294692 0.020894 0.019516
1 0.554908 0.286495 0.017493 0.020297
1 0.604227 0.283372 0.017007 0.020297
1 0.653061 0.285714 0.013605 0.021858
1 0.704325 0.285714 0.016035 0.023419
1 0.774538 0.285714 0.014577 0.023419
1 0.805637 0.279859 0.014577 0.021077
1 0.836978 0.272834 0.019922 0.024200
1 0.868805 0.278298 0.018465 0.027322
1 0.899903 0.286495 0.017493 0.021858
1 0.074344 0.565183 0.017493 0.021858
1 0.120991 0.565964 0.017493 0.018735
1 0.169582 0.567135 0.017493 0.021077
1 0.216715 0.564793 0.016521 0.016393
1 0.075073 0.839578 0.019922 0.021077
1 0.116618 0.840359 0.016521 0.021077
1 0.162779 0.839969 0.019436 0.021858
1 0.206511 0.841920 0.017493 0.024200
1 0.270894 0.841920 0.016035 0.021077
1 0.302478 0.848556 0.017007 0.026542
1 0.330418 0.857533 0.016521 0.022639
1 0.362731 0.850898 0.017979 0.029664
1 0.393829 0.839578 0.017007 0.022639
1 0.508260 0.840749 0.017493 0.024980
1 0.537415 0.846214 0.016521 0.029664
1 0.569485 0.854801 0.012634 0.021858
1 0.600826 0.847385 0.016035 0.022639
1 0.631438 0.839188 0.015063 0.021858
1 0.664723 0.846995 0.015549 0.026542
1 0.693635 0.856753 0.017007 0.022639
1 0.726676 0.846604 0.019922 0.021077
1 0.775753 0.840359 0.017979 0.022639
1 0.806122 0.848165 0.019436 0.022639
1 0.834548 0.855972 0.013120 0.019516
1 0.864674 0.864949 0.016035 0.026542
1 0.285471 0.567916 0.019922 0.021077
1 0.317055 0.559329 0.017007 0.021077
1 0.351798 0.553864 0.012634 0.019516
1 0.383382 0.559719 0.015549 0.023419
1 0.421040 0.564403 0.022838 0.021858
1 0.538387 0.559719 0.016521 0.021858
1 0.590622 0.561671 0.018950 0.024200
1 0.642128 0.557767 0.016035 0.025761
1 0.688290 0.559719 0.017007 0.023419
1 0.760204 0.559329 0.017007 0.019516
1 0.793246 0.569477 0.015063 0.025761
1 0.829689 0.572209 0.015063 0.018735
1 0.859329 0.566745 0.016035 0.024980
1 0.891642 0.560890 0.018465 0.024200
18 0.895287 0.870804 0.020894 0.021077
3 0.308309 0.263076 0.017007 0.053084
3 0.342566 0.254879 0.017493 0.052303
3 0.375850 0.245511 0.017007 0.060109
3 0.407920 0.253318 0.017007 0.060109
3 0.782556 0.254489 0.013120 0.054645
3 0.813897 0.249024 0.015549 0.056206
3 0.844509 0.240437 0.016521 0.056206
3 0.877551 0.247073 0.017493 0.058548
3 0.294704 0.537861 0.014091 0.062451
3 0.326531 0.530835 0.013605 0.057767
3 0.361273 0.521468 0.015063 0.062451
3 0.394801 0.528493 0.015063 0.064012
3 0.768222 0.532397 0.012634 0.059329
3 0.803207 0.537471 0.016521 0.056987
3 0.836492 0.542935 0.015063 0.053864
3 0.868319 0.536690 0.017493 0.060109
3 0.279397 0.809133 0.014577 0.060109
3 0.311710 0.816159 0.014091 0.063232
3 0.341594 0.825917 0.014577 0.056206
3 0.370991 0.818501 0.015063 0.061671
3 0.518465 0.810304 0.015549 0.054645
3 0.547133 0.816940 0.014577 0.063232
3 0.579689 0.824746 0.015549 0.063232
3 0.609572 0.816940 0.016035 0.060109
3 0.640671 0.813037 0.014091 0.064793
3 0.673226 0.817330 0.014091 0.062451
3 0.703839 0.826698 0.013120 0.054645
3 0.734451 0.816550 0.015063 0.054645
3 0.784257 0.812646 0.017493 0.057767
3 0.814869 0.818501 0.013605 0.063232
3 0.844752 0.825917 0.015063 0.062451
3 0.872449 0.832162 0.017979 0.056206
5 0.948008 0.252147 0.015549 0.060890
5 0.943149 0.537861 0.013605 0.070258
5 0.940233 0.825137 0.015549 0.060890
5 0.485909 0.252927 0.014577 0.056206
5 0.468902 0.536300 0.013605 0.054645
5 0.443149 0.822014 0.018465 0.054645
