12 0.039990 0.197813 0.028950 0.089375
12 0.040481 0.420312 0.027969 0.090625
12 0.039990 0.643437 0.028950 0.093125
12 0.038518 0.864062 0.029931 0.090625
11 0.861138 0.202813 0.012758 0.015625
11 0.842738 0.434375 0.004416 0.008750
11 0.860157 0.645312 0.012758 0.015625
11 0.860648 0.890312 0.011776 0.015625
1 0.102061 0.207813 0.012758 0.016875
1 0.081207 0.438437 0.018155 0.020625
1 0.325319 0.208437 0.016683 0.016875
1 0.565015 0.200625 0.017174 0.015000
1 0.652110 0.201563 0.017664 0.019375
1 0.739941 0.203437 0.018646 0.019375
1 0.309617 0.438125 0.018646 0.022500
1 0.550049 0.423438 0.016683 0.018125
1 0.636163 0.429375 0.018155 0.017500
1 0.725711 0.435000 0.019627 0.020000
18 0.081207 0.677813 0.026006 0.014375
1 0.154318 0.665625 0.025025 0.017500
1 0.232090 0.650937 0.018646 0.016875
1 0.326791 0.630938 0.017664 0.023125
1 0.407017 0.652500 0.018155 0.020000
1 0.490186 0.664687 0.020608 0.015625
1 0.586114 0.658750 0.016192 0.016250
1 0.667566 0.665937 0.018155 0.019375
1 0.748528 0.669375 0.016192 0.018750
18 0.078508 0.900312 0.023553 0.015625
1 0.155545 0.887813 0.017664 0.015625
1 0.233808 0.873437 0.017174 0.016875
1 0.325564 0.853750 0.018155 0.016250
1 0.405790 0.871875 0.017664 0.017500
1 0.488224 0.885625 0.014720 0.015000
1 0.587341 0.881875 0.018646 0.020000
1 0.667812 0.885938 0.019627 0.014375
1 0.748283 0.893750 0.018646 0.018750
0 0.183513 0.219375 0.017664 0.016250
0 0.411678 0.219688 0.019627 0.016875
0 0.847154 0.209063 0.018155 0.018125
0 0.830471 0.442812 0.017174 0.016875
0 0.162169 0.449688 0.017174 0.016875
0 0.395976 0.447813 0.014720 0.016875
0 0.846418 0.652188 0.016683 0.016875
17 0.844210 0.899062 0.017174 0.019375
14 0.591511 0.446875 0.087831 0.023750
