12 0.039093 0.200254 0.022201 0.090273
12 0.037645 0.422759 0.023166 0.095359
12 0.037645 0.648442 0.023166 0.099174
12 0.037645 0.870947 0.019305 0.101716
18 0.120898 0.237127 0.020753 0.016529
18 0.165299 0.237127 0.020753 0.019072
1 0.186293 0.228862 0.014479 0.019072
18 0.227075 0.238080 0.021718 0.018436
1 0.249517 0.218373 0.013514 0.018436
1 0.282336 0.216465 0.016409 0.020979
1 0.332046 0.210426 0.018340 0.017800
1 0.561293 0.192308 0.013514 0.018436
1 0.618726 0.204387 0.015444 0.017165
1 0.673263 0.198029 0.013514 0.020979
1 0.710907 0.207247 0.018340 0.019072
1 0.746622 0.210744 0.015444 0.017165
1 0.784749 0.217737 0.014479 0.019708
1 0.130309 0.426891 0.013514 0.020979
1 0.164093 0.425938 0.016409 0.021615
1 0.197153 0.420534 0.013996 0.017165
1 0.231178 0.414812 0.015444 0.017165
1 0.279681 0.426573 0.013996 0.020343
1 0.350145 0.434838 0.015927 0.017800
1 0.417471 0.440242 0.013514 0.023522
18 0.592181 0.458678 0.018340 0.017165
18 0.626689 0.457406 0.020753 0.018436
1 0.665058 0.440877 0.016409 0.018436
1 0.700772 0.425938 0.017375 0.021615
1 0.755068 0.430706 0.015927 0.017165
1 0.130309 0.628735 0.017375 0.016529
1 0.163851 0.628735 0.014961 0.015257
1 0.192568 0.641767 0.013514 0.017165
1 0.355454 0.635410 0.017857 0.017165
1 0.391892 0.635410 0.016409 0.018436
1 0.427124 0.648760 0.012548 0.018436
1 0.563224 0.630006 0.014479 0.019072
1 0.597973 0.635092 0.016409 0.022886
1 0.635135 0.635728 0.015444 0.021615
1 0.670125 0.648125 0.015927 0.022250
1 0.707046 0.661157 0.021236 0.016529
1 0.759411 0.648125 0.015927 0.019708
1 0.098214 0.870947 0.014961 0.021615
1 0.130792 0.858868 0.017375 0.020343
1 0.181226 0.870629 0.013996 0.018436
1 0.311535 0.848697 0.015927 0.017800
1 0.347973 0.856008 0.012548 0.019708
1 0.384894 0.855690 0.015927 0.021615
1 0.423986 0.869676 0.016892 0.021615
1 0.562741 0.874762 0.013514 0.017800
1 0.620415 0.869994 0.013031 0.017165
1 0.659749 0.863318 0.016409 0.019072
1 0.696187 0.868722 0.016892 0.018436
1 0.750965 0.876351 0.016409 0.015893
0 0.830840 0.654800 0.016892 0.019072
0 0.826737 0.882708 0.015444 0.020979
0 0.460183 0.883662 0.020753 0.020343
0 0.465010 0.638271 0.012066 0.015257
0 0.214286 0.859504 0.017375 0.020343
0 0.227317 0.629688 0.014479 0.017165
11 0.845560 0.647489 0.013514 0.012079
11 0.840975 0.885887 0.010135 0.013350
11 0.200531 0.230769 0.008205 0.011443
11 0.399614 0.204069 0.010618 0.010172
11 0.139237 0.230451 0.005309 0.006993
11 0.856660 0.205022 0.005792 0.009536
11 0.844353 0.439924 0.006274 0.007629
0 0.454151 0.451049 0.014479 0.018436
0 0.381757 0.205340 0.014479 0.019072
0 0.840975 0.209472 0.013031 0.017165
0 0.829633 0.440877 0.015444 0.018436
3 0.194739 0.204387 0.015927 0.043865
3 0.132481 0.210108 0.015927 0.042594
3 0.341699 0.183408 0.015444 0.041322
3 0.257963 0.191672 0.013996 0.043865
3 0.139961 0.402734 0.013514 0.046408
3 0.172780 0.402416 0.014479 0.045772
3 0.199324 0.446281 0.014479 0.038144
3 0.427124 0.414812 0.013514 0.045137
3 0.601834 0.434520 0.014479 0.043865
3 0.635376 0.432295 0.013031 0.044501
3 0.674228 0.413859 0.012548 0.048315
3 0.131998 0.656389 0.018822 0.040051
3 0.163127 0.656707 0.016409 0.039415
3 0.193774 0.667832 0.016892 0.034965
3 0.356178 0.664018 0.014479 0.040051
3 0.393822 0.665925 0.016409 0.041322
3 0.436776 0.624603 0.013514 0.048951
3 0.107143 0.846154 0.015444 0.048315
3 0.190396 0.847425 0.012066 0.048315
3 0.313707 0.879530 0.020270 0.043865
3 0.349421 0.884933 0.017375 0.040687
4 0.172056 0.211380 0.013031 0.043865
4 0.235280 0.212333 0.014961 0.047044
8 0.696429 0.159568 0.041506 0.022886
8 0.770029 0.172918 0.046815 0.026701
8 0.576496 0.671329 0.040058 0.017800
8 0.648649 0.681500 0.039575 0.024158
8 0.409025 0.822314 0.043919 0.027336
8 0.644305 0.824857 0.044402 0.020979
10 0.063707 0.637317 0.013514 0.033694
10 0.063465 0.860140 0.013996 0.031786
10 0.064672 0.195168 0.013514 0.033058
10 0.062741 0.415130 0.013514 0.031786
5 0.934846 0.198983 0.014479 0.047044
5 0.930502 0.414495 0.011583 0.045772
5 0.931467 0.635092 0.017375 0.044501
5 0.932432 0.863954 0.015444 0.049587
5 0.489382 0.199619 0.015444 0.048315
6 0.097008 0.424031 0.014479 0.026701
6 0.098938 0.644628 0.016409 0.022886
6 0.320463 0.644628 0.019305 0.022886
6 0.555502 0.423395 0.020270 0.027972
14 0.387307 0.456453 0.076737 0.024158
14 0.728041 0.445645 0.059363 0.016529
