12 0.037182 0.357143 0.025440 0.163265
12 0.034247 0.724490 0.023483 0.158730
18 0.096380 0.422902 0.016634 0.027211
1 0.161937 0.396825 0.014677 0.029478
1 0.075832 0.767007 0.014677 0.032880
1 0.141145 0.757370 0.015166 0.034014
1 0.178571 0.743197 0.014677 0.030612
1 0.235323 0.713152 0.013699 0.036281
1 0.308464 0.735828 0.014188 0.036281
1 0.383317 0.707483 0.015166 0.040816
1 0.356164 0.397959 0.011742 0.031746
1 0.396771 0.407596 0.011742 0.030612
1 0.298190 0.388889 0.013209 0.034014
18 0.545254 0.424036 0.023973 0.031746
1 0.582192 0.409297 0.017613 0.029478
1 0.620597 0.396825 0.017123 0.031746
1 0.658757 0.386621 0.017123 0.038549
1 0.697652 0.374150 0.015656 0.034014
1 0.756115 0.364512 0.014188 0.035147
1 0.530333 0.742063 0.014677 0.028345
1 0.567515 0.735261 0.016634 0.030612
1 0.607632 0.721655 0.013699 0.032880
1 0.646037 0.708050 0.019080 0.032880
1 0.685421 0.697279 0.015656 0.043084
1 0.743151 0.724490 0.013699 0.034014
11 0.852495 0.366213 0.008317 0.022676
11 0.840020 0.713719 0.012720 0.032880
0 0.197896 0.374150 0.015166 0.034014
17 0.433953 0.422336 0.019569 0.032880
0 0.423679 0.744331 0.017613 0.032880
0 0.835372 0.376417 0.013209 0.034014
0 0.821673 0.715420 0.016145 0.036281
3 0.171233 0.353741 0.014677 0.083900
3 0.150196 0.713152 0.016634 0.081633
3 0.383562 0.760204 0.018591 0.053288
3 0.539628 0.704649 0.016634 0.089569
3 0.578033 0.686508 0.016145 0.091837
3 0.608611 0.774943 0.017613 0.064626
3 0.645548 0.760204 0.018102 0.064626
3 0.554061 0.377551 0.017123 0.081633
3 0.590264 0.367347 0.015166 0.081633
3 0.629648 0.356009 0.015656 0.092971
3 0.670254 0.340703 0.015656 0.082766
8 0.380137 0.328798 0.047945 0.038549
5 0.935421 0.349206 0.017613 0.074830
5 0.929061 0.716553 0.020548 0.070295
11 0.112524 0.406463 0.008806 0.023810
11 0.089286 0.755669 0.007339 0.023810
11 0.324364 0.732426 0.006849 0.022676
