12 0.037791 0.344280 0.025194 0.158898
12 0.035368 0.748941 0.022287 0.158898
6 0.967054 0.343220 0.017442 0.038136
6 0.954457 0.751059 0.015504 0.040254
11 0.926357 0.330508 0.011628 0.025424
11 0.911822 0.796610 0.009690 0.021186
18 0.099322 0.402013 0.022287 0.028602
1 0.128876 0.395127 0.012597 0.029661
1 0.163760 0.382945 0.016473 0.026483
1 0.209302 0.396186 0.015504 0.031780
1 0.240552 0.381356 0.014050 0.029661
1 0.271076 0.371822 0.016957 0.027542
1 0.340843 0.386123 0.016957 0.030720
1 0.368702 0.372881 0.014535 0.031780
1 0.400678 0.360699 0.017442 0.026483
1 0.445979 0.360169 0.014050 0.029661
1 0.557655 0.370233 0.019380 0.030720
1 0.590359 0.362818 0.015988 0.032839
1 0.623304 0.352754 0.015988 0.033898
1 0.669331 0.360699 0.015019 0.032839
1 0.700824 0.352754 0.015019 0.033898
1 0.731831 0.336864 0.015019 0.031780
1 0.800388 0.350636 0.015504 0.033898
1 0.832364 0.335275 0.015504 0.030720
1 0.860950 0.326801 0.016473 0.032839
1 0.908188 0.329449 0.014050 0.036017
1 0.076066 0.745763 0.016473 0.025424
1 0.105620 0.755297 0.014535 0.031780
1 0.139777 0.766419 0.016957 0.022246
1 0.187984 0.767479 0.014535 0.032839
1 0.234496 0.766419 0.012597 0.024364
1 0.303295 0.755297 0.016473 0.033898
1 0.333333 0.762712 0.014535 0.029661
1 0.368459 0.775424 0.014050 0.029661
1 0.414729 0.774894 0.015504 0.030720
1 0.462209 0.775953 0.017442 0.032839
1 0.531250 0.763771 0.013081 0.031780
1 0.562742 0.775424 0.015019 0.031780
1 0.599806 0.789195 0.017442 0.029661
1 0.644138 0.775953 0.016957 0.026483
1 0.679506 0.783898 0.015019 0.027542
1 0.712452 0.796081 0.014050 0.032839
1 0.782703 0.784958 0.015988 0.029661
1 0.813711 0.795021 0.013081 0.032839
18 0.846657 0.809852 0.020833 0.028602
18 0.893653 0.809852 0.018895 0.032839
3 0.107800 0.355403 0.016957 0.068856
3 0.137355 0.350636 0.015988 0.082627
3 0.218266 0.345869 0.015988 0.077331
3 0.250242 0.343750 0.016957 0.081568
3 0.348353 0.337924 0.016473 0.072034
3 0.377180 0.327331 0.016957 0.072034
3 0.567587 0.326801 0.015988 0.083686
3 0.598595 0.314089 0.015988 0.079449
3 0.677810 0.316208 0.014535 0.075212
3 0.709545 0.307203 0.015988 0.076271
3 0.809351 0.316208 0.013081 0.083686
3 0.831880 0.376059 0.019380 0.063559
3 0.075339 0.788665 0.016957 0.068856
3 0.115795 0.707097 0.016473 0.083686
3 0.312258 0.712924 0.013081 0.082627
3 0.343508 0.727754 0.014535 0.088983
3 0.540698 0.722458 0.015504 0.076271
3 0.572190 0.735699 0.014535 0.075212
3 0.653828 0.738877 0.013081 0.083686
3 0.687742 0.743644 0.015019 0.078390
3 0.822432 0.755297 0.014050 0.080508
3 0.791182 0.739936 0.014535 0.079449
5 0.491764 0.331568 0.009690 0.065678
