12 0.037136 0.196886 0.023786 0.089744
12 0.034709 0.420330 0.028641 0.087302
12 0.035194 0.643162 0.025728 0.097070
12 0.033738 0.856227 0.026699 0.094628
12 0.061893 0.168803 0.014078 0.033578
12 0.062379 0.394078 0.013107 0.032357
12 0.062379 0.617521 0.011165 0.036020
12 0.062379 0.827534 0.013107 0.034799
1 0.121602 0.223443 0.013107 0.014652
1 0.157039 0.190781 0.014078 0.014042
1 0.196845 0.200244 0.015049 0.017094
1 0.236650 0.204518 0.015049 0.015873
1 0.328883 0.204823 0.014078 0.015263
1 0.369175 0.210317 0.016019 0.016484
1 0.407039 0.204518 0.012136 0.015873
1 0.446359 0.217949 0.013107 0.015873
1 0.539806 0.199634 0.013592 0.018315
1 0.569175 0.201160 0.014078 0.020147
1 0.597816 0.200855 0.014078 0.020757
1 0.639078 0.206044 0.015049 0.016484
1 0.678398 0.210623 0.015049 0.018315
1 0.721117 0.204518 0.014078 0.015873
1 0.761650 0.217338 0.014563 0.017094
1 0.823786 0.222833 0.014563 0.018315
1 0.894903 0.223138 0.016990 0.016484
1 0.095388 0.416361 0.016990 0.014652
1 0.133495 0.416361 0.014563 0.017094
1 0.173301 0.422161 0.015534 0.017705
1 0.212621 0.430098 0.014563 0.016484
1 0.304369 0.415140 0.018447 0.017094
1 0.343689 0.423382 0.015534 0.018926
1 0.384951 0.428877 0.014563 0.016484
1 0.423786 0.442002 0.014563 0.018315
1 0.515534 0.447497 0.013592 0.018315
1 0.544417 0.440476 0.016990 0.014042
1 0.573786 0.435897 0.015534 0.018315
1 0.616748 0.430708 0.016990 0.020147
1 0.658252 0.421245 0.016505 0.017094
1 0.689320 0.416361 0.016505 0.019536
1 0.719175 0.409646 0.017961 0.014652
1 0.761408 0.416056 0.018932 0.017705
1 0.823301 0.428877 0.017476 0.016484
1 0.893932 0.428571 0.018932 0.014652
1 0.097087 0.651404 0.015534 0.015873
1 0.154369 0.652320 0.015534 0.014042
1 0.195146 0.651709 0.013592 0.016484
1 0.234466 0.660256 0.015534 0.017705
1 0.274272 0.664530 0.013592 0.015263
1 0.332039 0.670635 0.015534 0.017705
1 0.370874 0.641636 0.019417 0.014652
1 0.431068 0.640415 0.014563 0.013431
1 0.491019 0.640720 0.016990 0.015263
1 0.516505 0.632479 0.015534 0.014652
1 0.567233 0.629731 0.014078 0.015263
1 0.624029 0.651404 0.015049 0.015873
1 0.665534 0.650794 0.014563 0.017094
1 0.703883 0.647436 0.017476 0.015263
1 0.742718 0.639194 0.018447 0.017094
1 0.802184 0.646825 0.016019 0.015263
1 0.875000 0.645910 0.017961 0.019536
1 0.933738 0.627900 0.018932 0.017705
1 0.959466 0.633089 0.016990 0.020757
1 0.097816 0.852869 0.015049 0.020757
1 0.160194 0.852869 0.015534 0.018315
1 0.201942 0.851954 0.016505 0.017705
1 0.245874 0.850427 0.016990 0.018315
1 0.290777 0.857448 0.016505 0.016484
1 0.352427 0.863248 0.014563 0.018315
1 0.428641 0.862637 0.016505 0.015873
1 0.494903 0.863248 0.017961 0.018315
1 0.521602 0.864164 0.016990 0.015263
1 0.573544 0.858974 0.017961 0.020757
1 0.634709 0.864469 0.017961 0.017094
1 0.678883 0.869963 0.017961 0.018315
1 0.737621 0.858974 0.017961 0.019536
1 0.799757 0.863553 0.017961 0.017705
1 0.875971 0.864164 0.015049 0.020147
3 0.130583 0.198413 0.016505 0.042735
3 0.158495 0.218559 0.016990 0.039072
3 0.205097 0.175519 0.017961 0.050672
3 0.337136 0.179792 0.017961 0.045788
4 0.377670 0.184371 0.018447 0.046398
4 0.415777 0.180098 0.016019 0.050061
3 0.604369 0.174603 0.014563 0.040293
3 0.646845 0.184066 0.015049 0.038462
3 0.687136 0.184982 0.016019 0.050061
3 0.729612 0.182234 0.013592 0.045788
3 0.770146 0.192918 0.018932 0.045177
3 0.096602 0.442002 0.017476 0.031746
3 0.134223 0.444139 0.019903 0.034799
3 0.182039 0.400183 0.016505 0.045788
3 0.306311 0.443223 0.014563 0.034188
3 0.352184 0.398046 0.015049 0.043956
3 0.392718 0.406593 0.017476 0.042735
3 0.625485 0.405678 0.016990 0.043346
3 0.582282 0.409646 0.016019 0.042735
3 0.717718 0.435592 0.014078 0.036020
3 0.760922 0.442308 0.017961 0.034799
3 0.163592 0.628510 0.014563 0.044567
3 0.204854 0.630037 0.015534 0.048840
3 0.242718 0.634310 0.017476 0.050061
3 0.282039 0.638584 0.015534 0.043956
3 0.339320 0.645299 0.016505 0.042735
3 0.634223 0.626984 0.015049 0.040293
3 0.674757 0.629121 0.012621 0.047009
3 0.712621 0.627289 0.015534 0.049451
3 0.161408 0.880342 0.016019 0.037851
3 0.204369 0.880647 0.017476 0.043346
3 0.247573 0.880037 0.019417 0.037241
3 0.298786 0.834249 0.016019 0.039683
3 0.642718 0.841880 0.017476 0.042735
3 0.747087 0.835775 0.016505 0.047619
4 0.548301 0.177656 0.012136 0.042735
4 0.576942 0.174908 0.015049 0.044567
4 0.524757 0.424908 0.012621 0.042735
4 0.554369 0.418193 0.014563 0.041514
4 0.668447 0.398657 0.014563 0.043956
4 0.686893 0.447192 0.014563 0.028694
4 0.490777 0.668498 0.014563 0.031746
4 0.516505 0.663919 0.012621 0.034799
4 0.933738 0.657814 0.015049 0.040904
4 0.957039 0.662393 0.012136 0.040293
4 0.504369 0.841575 0.017476 0.045788
4 0.530825 0.840965 0.013107 0.047009
11 0.253641 0.199328 0.006311 0.012821
11 0.461893 0.211844 0.008252 0.012210
11 0.226214 0.421856 0.004854 0.009768
11 0.839563 0.224969 0.008252 0.011600
11 0.840534 0.423077 0.008252 0.012210
11 0.438592 0.435287 0.007282 0.012210
11 0.819903 0.647131 0.009709 0.012210
11 0.368447 0.859585 0.012621 0.014652
14 0.859709 0.238400 0.074757 0.014042
14 0.858495 0.444750 0.073301 0.015263
14 0.840049 0.661172 0.077184 0.015873
14 0.839806 0.880342 0.080583 0.021978
6 0.949272 0.194444 0.019903 0.025031
6 0.951456 0.420940 0.013592 0.028694
6 0.934223 0.856838 0.020874 0.023810
14 0.403641 0.628205 0.071359 0.021978
14 0.393204 0.885531 0.078641 0.018926
