12 0.039244 0.267690 0.024225 0.126172
12 0.039244 0.561807 0.026163 0.138107
12 0.037791 0.855072 0.027132 0.121057
18 0.099079 0.320119 0.021802 0.026428
1 0.077035 0.589940 0.016473 0.020460
18 0.134205 0.320119 0.021318 0.023018
18 0.171027 0.318414 0.024225 0.023018
1 0.207364 0.309463 0.021318 0.023870
1 0.239583 0.300512 0.018895 0.021313
18 0.293847 0.318414 0.021802 0.021313
0 0.367490 0.308610 0.015019 0.027280
1 0.554990 0.308610 0.015988 0.022165
1 0.592054 0.307758 0.014535 0.030691
1 0.631541 0.308184 0.017926 0.019608
1 0.670058 0.300938 0.014535 0.025575
1 0.707849 0.289855 0.017442 0.028986
1 0.766473 0.308610 0.017442 0.023870
0 0.840601 0.302217 0.016473 0.021313
1 0.108769 0.590367 0.018895 0.023018
1 0.141473 0.590793 0.014535 0.018755
1 0.175872 0.592072 0.014535 0.021313
1 0.210514 0.589088 0.015988 0.020460
1 0.261143 0.575021 0.015504 0.021313
1 0.330184 0.581841 0.015988 0.023018
1 0.364099 0.582694 0.013081 0.024723
1 0.399952 0.584399 0.015019 0.024723
1 0.433624 0.583120 0.011628 0.025575
1 0.469477 0.583546 0.017442 0.024723
1 0.521318 0.564365 0.012597 0.020460
1 0.596415 0.574169 0.012597 0.021313
1 0.629845 0.575021 0.015504 0.023018
1 0.682897 0.575874 0.016957 0.021313
1 0.718266 0.584399 0.015988 0.024723
1 0.771076 0.599744 0.015988 0.023018
17 0.840359 0.607843 0.020833 0.023870
1 0.076066 0.890026 0.017442 0.025575
1 0.107074 0.890026 0.013566 0.023870
1 0.140019 0.890452 0.015504 0.023018
1 0.170300 0.887894 0.014050 0.021313
0 0.205669 0.888321 0.015988 0.023870
1 0.297481 0.882353 0.014535 0.023870
1 0.328731 0.881927 0.015988 0.023018
1 0.363614 0.881927 0.015988 0.023018
1 0.396560 0.881927 0.016957 0.023018
0 0.432655 0.880648 0.016473 0.022165
1 0.526647 0.872975 0.016473 0.023870
1 0.560562 0.872549 0.017442 0.024723
1 0.611676 0.872549 0.015988 0.024723
1 0.644622 0.873402 0.016957 0.024723
1 0.678537 0.883205 0.015988 0.025575
1 0.711483 0.889599 0.015019 0.019608
1 0.744671 0.890026 0.021318 0.018755
1 0.797965 0.881500 0.014535 0.022165
1 0.832849 0.882353 0.015504 0.023870
1 0.864826 0.855072 0.015504 0.025575
0 0.915940 0.864450 0.016957 0.022165
3 0.109254 0.283887 0.016957 0.054561
3 0.143411 0.280904 0.015504 0.058824
3 0.180475 0.283887 0.015988 0.056266
3 0.215116 0.273231 0.016473 0.053708
11 0.384205 0.309463 0.008721 0.011935
3 0.564680 0.271526 0.017926 0.053708
3 0.600291 0.273231 0.016473 0.060529
3 0.640019 0.273231 0.016473 0.057118
3 0.679264 0.267263 0.018411 0.055413
11 0.858043 0.292839 0.008721 0.014493
3 0.085756 0.553282 0.014535 0.056266
3 0.117733 0.552430 0.015504 0.052856
3 0.149952 0.554561 0.015988 0.057118
3 0.184351 0.552003 0.013081 0.057118
3 0.338905 0.546888 0.015019 0.062234
3 0.374031 0.547315 0.014535 0.064791
3 0.407946 0.546888 0.015504 0.058824
3 0.443314 0.548167 0.016473 0.061381
3 0.604409 0.538789 0.015019 0.061381
3 0.692345 0.541773 0.015504 0.060529
11 0.858043 0.598465 0.006783 0.011935
3 0.084787 0.855072 0.012597 0.063086
3 0.117006 0.853794 0.017926 0.062234
3 0.149709 0.853794 0.014535 0.058824
3 0.179264 0.853794 0.012597 0.060529
3 0.307171 0.847400 0.014535 0.064791
3 0.339874 0.843990 0.015988 0.064791
3 0.372335 0.845269 0.016957 0.062234
3 0.405039 0.845269 0.016473 0.058824
3 0.533915 0.834612 0.018411 0.061381
3 0.621124 0.838448 0.015504 0.058824
3 0.654070 0.837596 0.015504 0.062234
3 0.687258 0.844416 0.015988 0.058824
3 0.720688 0.855072 0.016957 0.064791
3 0.754603 0.856777 0.015019 0.064791
3 0.807655 0.847826 0.016473 0.065644
3 0.842539 0.844416 0.016473 0.069054
5 0.477713 0.265985 0.015504 0.064791
5 0.941860 0.265985 0.013566 0.054561
5 0.937500 0.552430 0.012597 0.051151
