1 0.120335 0.297814 0.015789 0.016393
1 0.156459 0.282445 0.013397 0.015710
1 0.195455 0.261270 0.014833 0.017077
1 0.231579 0.297131 0.014354 0.013661
1 0.269856 0.282787 0.014354 0.019126
1 0.407656 0.276639 0.016268 0.016393
1 0.343301 0.288934 0.016746 0.015027
1 0.473206 0.276639 0.014354 0.016393
1 0.557656 0.281762 0.014833 0.017077
1 0.599522 0.267418 0.014354 0.015710
1 0.641388 0.255806 0.015789 0.021175
1 0.683493 0.242145 0.014833 0.017077
1 0.727751 0.246926 0.016268 0.018443
1 0.770096 0.255464 0.015789 0.021858
1 0.094976 0.520833 0.016746 0.017077
1 0.156459 0.507514 0.016268 0.017760
1 0.219139 0.495560 0.016268 0.019809
1 0.303589 0.501708 0.015789 0.019809
1 0.389713 0.508538 0.016746 0.023907
1 0.437081 0.516393 0.016746 0.019126
1 0.527751 0.541325 0.014354 0.017077
1 0.595215 0.529372 0.015311 0.023224
1 0.641866 0.515710 0.016746 0.017760
1 0.687560 0.502049 0.015311 0.020492
1 0.778947 0.509904 0.018182 0.021175
1 0.862919 0.515369 0.017703 0.021175
1 0.911244 0.521516 0.013876 0.015710
1 0.132536 0.801913 0.016268 0.020492
1 0.095694 0.816940 0.014354 0.016393
1 0.174641 0.782787 0.015311 0.016393
1 0.211962 0.815915 0.016268 0.014344
1 0.250718 0.802254 0.016268 0.021175
1 0.394258 0.795082 0.016268 0.015027
1 0.456459 0.794740 0.016268 0.018443
1 0.541148 0.802937 0.018182 0.022541
1 0.583971 0.789617 0.015789 0.023224
1 0.629187 0.774932 0.015311 0.015710
1 0.670574 0.760587 0.016746 0.018443
1 0.712440 0.766735 0.016268 0.018443
1 0.755502 0.775273 0.016268 0.020492
18 0.330622 0.810792 0.023923 0.025956
0 0.833732 0.261612 0.015789 0.017760
0 0.817703 0.781421 0.015311 0.019126
8 0.218421 0.226093 0.041627 0.034153
16 0.121053 0.286202 0.020096 0.010929
16 0.233254 0.284495 0.017703 0.014344
3 0.129426 0.266052 0.013876 0.043033
3 0.166029 0.252732 0.015311 0.045082
3 0.566507 0.252391 0.014354 0.048497
3 0.608373 0.238730 0.014833 0.047131
3 0.650718 0.227801 0.015311 0.051230
3 0.684450 0.270492 0.017703 0.042350
3 0.727033 0.276981 0.017703 0.047131
3 0.779426 0.224044 0.016268 0.049180
3 0.604785 0.501708 0.016268 0.052596
3 0.650718 0.488388 0.015311 0.046448
3 0.873206 0.484973 0.015311 0.049180
3 0.104785 0.786885 0.015311 0.043716
3 0.142584 0.776298 0.016268 0.045765
3 0.183014 0.756489 0.016746 0.051230
3 0.219856 0.786885 0.015789 0.047814
3 0.550239 0.772541 0.015311 0.049180
3 0.593062 0.759221 0.016746 0.047131
3 0.638038 0.745219 0.016746 0.053279
3 0.671292 0.794399 0.018182 0.047814
3 0.713876 0.797814 0.019139 0.046448
3 0.763636 0.744536 0.016268 0.050546
11 0.319378 0.501366 0.008134 0.015027
11 0.793541 0.500342 0.009091 0.012978
5 0.915550 0.238388 0.019617 0.051913
5 0.910526 0.765369 0.018182 0.047131
15 0.060526 0.218238 0.013876 0.048497
15 0.060526 0.481557 0.013876 0.043716
15 0.059809 0.741462 0.014354 0.048497
12 0.033014 0.253074 0.032536 0.111339
12 0.032775 0.511612 0.029187 0.103825
12 0.032775 0.770150 0.030144 0.103142
3 0.390191 0.539276 0.016746 0.048497
