12 0.035075 0.335046 0.030348 0.163242
12 0.034080 0.759703 0.030348 0.165525
10 0.062189 0.326484 0.012935 0.052511
10 0.061692 0.748288 0.011940 0.058219
1 0.119403 0.388128 0.011940 0.031963
1 0.162935 0.365297 0.011443 0.038813
1 0.203483 0.343037 0.013930 0.030822
1 0.245522 0.335046 0.014428 0.030822
1 0.308706 0.353311 0.014428 0.033105
1 0.371891 0.343607 0.016418 0.034247
1 0.431841 0.345890 0.016915 0.029680
1 0.468905 0.362443 0.022388 0.039954
1 0.564925 0.386416 0.013433 0.033105
1 0.605721 0.364726 0.013433 0.037671
1 0.649751 0.344749 0.013930 0.029680
1 0.692289 0.333904 0.017413 0.030822
1 0.754726 0.353311 0.013930 0.028539
1 0.816418 0.343607 0.018905 0.034247
1 0.890547 0.342466 0.013930 0.034247
1 0.098507 0.732306 0.014925 0.037671
1 0.160448 0.729452 0.015423 0.025114
1 0.203234 0.746005 0.018408 0.035388
1 0.268905 0.790525 0.014428 0.033105
1 0.330100 0.750000 0.013433 0.034247
1 0.394776 0.751142 0.014428 0.034247
1 0.436816 0.768836 0.015920 0.037671
1 0.533582 0.811073 0.013433 0.028539
1 0.579104 0.799087 0.012935 0.038813
1 0.619652 0.785959 0.017413 0.037671
1 0.669652 0.789384 0.017910 0.033105
1 0.733333 0.801370 0.014925 0.036530
1 0.798010 0.806507 0.011940 0.039954
1 0.877114 0.807648 0.016915 0.028539
11 0.486816 0.365868 0.009453 0.019406
11 0.833582 0.345320 0.011443 0.019406
11 0.814179 0.805936 0.008458 0.020548
11 0.453980 0.767123 0.011443 0.018265
6 0.950498 0.337329 0.017413 0.046804
6 0.938806 0.759703 0.017910 0.053653
14 0.854726 0.367580 0.074627 0.027397
14 0.839801 0.837329 0.083582 0.028539
3 0.129104 0.340753 0.018408 0.078767
3 0.171144 0.319635 0.012935 0.084475
3 0.213184 0.303653 0.015423 0.084475
3 0.319652 0.306507 0.016418 0.087900
3 0.438806 0.293950 0.018905 0.087900
3 0.276866 0.746575 0.015423 0.086758
3 0.161443 0.780251 0.015423 0.069635
3 0.395274 0.801941 0.017413 0.065068
3 0.574876 0.341895 0.016418 0.081050
3 0.614925 0.322489 0.017910 0.078767
3 0.661692 0.307078 0.020896 0.082192
3 0.762935 0.307648 0.014428 0.085616
3 0.543532 0.770548 0.017413 0.089041
3 0.588806 0.760845 0.017413 0.094749
3 0.630100 0.741438 0.018408 0.081050
3 0.741542 0.756279 0.017413 0.074201
