12 0.038911 0.249204 0.029183 0.122611
12 0.038424 0.531847 0.030156 0.127389
12 0.038911 0.817675 0.029183 0.132166
18 0.099708 0.296178 0.024319 0.025478
1 0.132296 0.285828 0.015564 0.023885
1 0.163424 0.279459 0.015564 0.023885
1 0.194553 0.271497 0.016537 0.027070
1 0.225195 0.262739 0.016537 0.027070
1 0.270914 0.260748 0.017510 0.021497
1 0.337792 0.253583 0.019942 0.027866
1 0.391051 0.253583 0.019455 0.027866
1 0.537451 0.255175 0.016537 0.024682
1 0.587305 0.237659 0.018969 0.023089
1 0.638375 0.246815 0.016051 0.023885
1 0.673395 0.255573 0.017996 0.023885
1 0.708171 0.261146 0.019455 0.022293
1 0.742218 0.271895 0.016537 0.023089
1 0.794990 0.277866 0.017996 0.022293
1 0.078064 0.521099 0.017023 0.023089
1 0.107490 0.521497 0.015564 0.017516
1 0.137889 0.520701 0.016051 0.020701
1 0.169504 0.521099 0.017023 0.016720
1 0.201362 0.544188 0.016537 0.021497
1 0.313230 0.520701 0.016537 0.022293
1 0.345817 0.521497 0.016537 0.023885
1 0.378161 0.521099 0.017996 0.024682
1 0.411479 0.520701 0.016537 0.022293
1 0.444309 0.545780 0.018969 0.021497
1 0.562014 0.520303 0.017023 0.027866
1 0.608463 0.529061 0.021401 0.021497
1 0.642267 0.538615 0.020914 0.024682
1 0.674854 0.546178 0.018969 0.020701
1 0.722763 0.553344 0.018482 0.025478
1 0.792072 0.562500 0.016051 0.023089
1 0.840710 0.543392 0.018969 0.021497
1 0.891051 0.567675 0.018482 0.025478
18 0.077091 0.859475 0.023833 0.023089
1 0.110409 0.850717 0.017510 0.021497
1 0.141780 0.843551 0.014105 0.024682
1 0.176070 0.838376 0.018482 0.023885
1 0.205253 0.829220 0.017510 0.021497
1 0.256323 0.828025 0.017510 0.020701
1 0.325146 0.820860 0.017023 0.020701
1 0.374757 0.821656 0.014105 0.025478
1 0.522130 0.822054 0.017023 0.023089
1 0.573200 0.803344 0.017023 0.027070
1 0.625000 0.811306 0.015564 0.023885
1 0.657831 0.821258 0.017996 0.026274
1 0.694796 0.828822 0.013132 0.023885
1 0.728599 0.837182 0.017510 0.026274
1 0.783317 0.843551 0.019942 0.024682
1 0.831469 0.849124 0.015078 0.019904
18 0.884728 0.859076 0.026265 0.023885
0 0.442364 0.262739 0.020914 0.023885
1 0.845088 0.285828 0.015078 0.022293
18 0.891294 0.295780 0.024805 0.023089
0 0.427286 0.829618 0.017996 0.022293
3 0.109679 0.260350 0.014105 0.050955
3 0.140564 0.250796 0.017510 0.054140
3 0.172665 0.244825 0.016537 0.056529
3 0.202335 0.238057 0.015564 0.054140
3 0.682393 0.224522 0.014591 0.057325
3 0.717899 0.226115 0.015564 0.054140
3 0.750243 0.236465 0.015078 0.050955
3 0.651021 0.505175 0.015078 0.054936
3 0.668288 0.790207 0.016537 0.059713
3 0.703064 0.797373 0.017023 0.059713
3 0.738327 0.802548 0.014591 0.057325
5 0.938230 0.244427 0.016537 0.058917
5 0.937257 0.530255 0.014591 0.057325
5 0.936284 0.812102 0.012646 0.060510
3 0.076848 0.557325 0.015564 0.047771
3 0.107490 0.556131 0.016537 0.048567
3 0.137646 0.556529 0.017510 0.044586
3 0.168045 0.556131 0.016051 0.051752
3 0.313473 0.554936 0.018969 0.049363
3 0.345574 0.555334 0.019942 0.045382
3 0.379134 0.556927 0.017996 0.045382
3 0.411722 0.556131 0.013132 0.046975
3 0.609679 0.566083 0.019942 0.054140
3 0.084387 0.828025 0.016051 0.054140
3 0.118191 0.818869 0.014591 0.058121
3 0.149319 0.812898 0.018482 0.055732
3 0.183852 0.802150 0.014591 0.059713
3 0.625486 0.847134 0.016537 0.047771
5 0.248054 0.525478 0.017510 0.057325
5 0.493191 0.529857 0.016537 0.058121
