12 0.040068 0.200183 0.021855 0.090798
12 0.041039 0.421085 0.027683 0.092626
12 0.041039 0.638026 0.025741 0.091408
12 0.042496 0.851615 0.028655 0.092017
1 0.136717 0.205972 0.016999 0.017063
1 0.184798 0.207191 0.015056 0.018282
1 0.237980 0.206581 0.017484 0.019500
1 0.289218 0.206581 0.017970 0.019500
1 0.361098 0.206886 0.016999 0.017672
1 0.412822 0.208105 0.016513 0.020110
1 0.464303 0.206277 0.016513 0.017672
1 0.513842 0.207800 0.016513 0.019500
1 0.585478 0.207495 0.016999 0.020110
1 0.637203 0.207495 0.015542 0.018891
1 0.688927 0.212675 0.016999 0.017063
1 0.740408 0.218160 0.014085 0.019500
1 0.811316 0.212675 0.016999 0.015844
1 0.862069 0.218160 0.018456 0.015844
0 0.910879 0.230652 0.016027 0.017672
1 0.110248 0.460390 0.015542 0.014016
18 0.164157 0.452163 0.022341 0.017063
1 0.217824 0.448507 0.018941 0.017063
1 0.272705 0.460390 0.018941 0.015235
18 0.346042 0.464046 0.024769 0.015235
1 0.398009 0.447288 0.016999 0.013406
14 0.374211 0.476539 0.059738 0.014625
0 0.454347 0.435405 0.018941 0.017672
1 0.552453 0.436015 0.014085 0.017672
1 0.590092 0.441194 0.015542 0.017063
1 0.628460 0.442108 0.014570 0.016453
1 0.666100 0.442108 0.016999 0.016453
1 0.706168 0.442718 0.016513 0.015235
1 0.761049 0.448202 0.019427 0.017672
0 0.837785 0.442108 0.015542 0.016453
11 0.854541 0.433272 0.011170 0.012188
5 0.936863 0.411335 0.016513 0.043876
1 0.109519 0.640463 0.015056 0.020719
1 0.161486 0.639854 0.017970 0.023157
1 0.215881 0.639549 0.016027 0.020110
1 0.271734 0.640463 0.016999 0.020719
1 0.343613 0.640463 0.017970 0.017063
1 0.395338 0.640463 0.016513 0.018282
1 0.448033 0.640463 0.016027 0.019500
1 0.500729 0.640158 0.017484 0.018891
1 0.573579 0.640158 0.016513 0.018891
1 0.626032 0.640463 0.015542 0.019500
1 0.678728 0.645643 0.015056 0.020110
1 0.733123 0.651127 0.016027 0.018891
1 0.805488 0.646862 0.016027 0.017672
1 0.855998 0.652041 0.016027 0.017063
0 0.908208 0.664229 0.018456 0.018282
1 0.110248 0.893358 0.014570 0.014625
18 0.163429 0.885740 0.022827 0.018891
1 0.217581 0.880256 0.016513 0.015235
1 0.269791 0.893053 0.018941 0.014016
18 0.344342 0.898537 0.024284 0.014016
1 0.397766 0.880561 0.017484 0.015844
0 0.447305 0.868373 0.016513 0.020719
1 0.547110 0.868373 0.015056 0.017063
1 0.585236 0.874162 0.014570 0.015235
1 0.621904 0.874467 0.016027 0.015844
1 0.659786 0.868068 0.016027 0.016453
1 0.696940 0.875686 0.015542 0.014625
1 0.754007 0.880561 0.016999 0.015844
0 0.829772 0.881170 0.015056 0.018282
11 0.846042 0.880561 0.008742 0.010969
14 0.564352 0.889701 0.042739 0.023157
14 0.641088 0.891834 0.044682 0.017672
5 0.926178 0.848263 0.013599 0.047532
3 0.561438 0.410420 0.015542 0.048141
3 0.599806 0.419257 0.014570 0.045094
3 0.638660 0.418342 0.017484 0.040829
3 0.673871 0.417124 0.019913 0.042048
3 0.556824 0.845521 0.017970 0.045704
3 0.594220 0.850701 0.017970 0.043876
3 0.632346 0.850091 0.017484 0.043876
3 0.668528 0.843693 0.016027 0.042048
15 0.066780 0.176417 0.010199 0.029860
15 0.076251 0.193175 0.012627 0.039001
15 0.066780 0.391530 0.014085 0.032297
15 0.076493 0.408288 0.011170 0.032907
15 0.066780 0.609994 0.010199 0.034126
15 0.075765 0.624619 0.010685 0.036563
15 0.066780 0.826021 0.010199 0.031079
15 0.075279 0.843083 0.010685 0.034735
16 0.108062 0.883608 0.024769 0.006094
16 0.271248 0.882998 0.025741 0.007313
16 0.343856 0.883912 0.025255 0.009141
16 0.110005 0.450030 0.022827 0.006703
16 0.273434 0.449726 0.026226 0.006094
16 0.346285 0.451249 0.025255 0.009141
