12 0.040791 0.222260 0.035662 0.107578
12 0.040791 0.444858 0.028823 0.104871
12 0.041768 0.661367 0.027846 0.099459
12 0.043234 0.881258 0.030777 0.104871
14 0.370542 0.464817 0.067904 0.016238
14 0.846849 0.468877 0.074744 0.017591
14 0.847093 0.683694 0.071324 0.018268
14 0.853200 0.910014 0.076698 0.017591
14 0.436737 0.261502 0.069370 0.020974
14 0.872252 0.269621 0.061065 0.016915
11 0.415242 0.237821 0.009770 0.016915
11 0.856619 0.249323 0.012213 0.014208
11 0.823889 0.444520 0.012213 0.021651
11 0.349292 0.444181 0.010747 0.014208
11 0.117245 0.855886 0.009770 0.012179
11 0.825843 0.665765 0.016121 0.014885
1 0.127748 0.266915 0.015144 0.015562
1 0.155105 0.258457 0.018075 0.014885
1 0.202736 0.251353 0.017587 0.018268
1 0.248168 0.232747 0.016610 0.017591
1 0.278456 0.240528 0.015633 0.023681
1 0.307279 0.239175 0.016610 0.018268
1 0.350269 0.252706 0.012702 0.020974
1 0.531021 0.246955 0.015633 0.020298
1 0.558134 0.251691 0.016121 0.018945
1 0.606742 0.257781 0.024426 0.018945
1 0.658525 0.258796 0.025403 0.018268
1 0.707865 0.259811 0.015633 0.020298
1 0.731070 0.258796 0.012213 0.022327
1 0.755740 0.259472 0.017587 0.022327
1 0.788227 0.248985 0.019052 0.024357
1 0.898144 0.250677 0.021006 0.016915
1 0.839766 0.250000 0.016610 0.018268
1 0.943820 0.253721 0.015633 0.020298
1 0.966536 0.232747 0.012213 0.023004
1 0.102589 0.438769 0.022472 0.016915
1 0.153395 0.437754 0.022472 0.018945
1 0.182218 0.433356 0.018564 0.018268
1 0.242794 0.431664 0.018564 0.017591
1 0.279922 0.437415 0.017587 0.015562
1 0.205423 0.426252 0.015144 0.017591
1 0.336102 0.444520 0.018564 0.023004
1 0.406204 0.443843 0.017098 0.018945
1 0.465071 0.471245 0.015633 0.019621
1 0.493405 0.460419 0.017587 0.023681
1 0.540547 0.446888 0.017098 0.023681
1 0.599170 0.446211 0.015144 0.022327
1 0.626527 0.438092 0.016121 0.016915
1 0.653639 0.433018 0.016610 0.021651
1 0.679043 0.433356 0.018564 0.020974
1 0.708109 0.439783 0.021006 0.014885
1 0.747191 0.447226 0.018075 0.020298
1 0.880313 0.449594 0.017587 0.015562
1 0.807035 0.450947 0.017587 0.019621
1 0.938691 0.453654 0.014167 0.022327
1 0.963117 0.460081 0.015144 0.023004
1 0.104299 0.687754 0.015144 0.019621
1 0.138007 0.673545 0.018075 0.020974
1 0.173180 0.652571 0.019052 0.018268
1 0.204934 0.653586 0.018075 0.020298
1 0.256229 0.659337 0.018075 0.016915
1 0.280166 0.666779 0.013190 0.025034
1 0.329507 0.672530 0.020029 0.020298
1 0.367611 0.678620 0.015144 0.018945
1 0.404494 0.673884 0.016610 0.021651
1 0.444553 0.693843 0.016610 0.023681
1 0.502443 0.693505 0.017098 0.020298
1 0.528334 0.693843 0.016121 0.018268
1 0.579140 0.688092 0.019052 0.018945
1 0.630923 0.681664 0.020029 0.019621
1 0.671470 0.673207 0.020029 0.021651
1 0.712506 0.658999 0.023937 0.017591
1 0.751588 0.673207 0.017098 0.020298
1 0.881045 0.665426 0.016121 0.018268
1 0.808989 0.667456 0.017587 0.022327
1 0.936248 0.657984 0.016121 0.019621
1 0.964338 0.652571 0.017587 0.020974
1 0.103322 0.867388 0.015144 0.020298
1 0.144358 0.865359 0.018075 0.020298
1 0.169761 0.867388 0.017098 0.016238
1 0.216170 0.866712 0.016121 0.014885
1 0.249878 0.866035 0.020029 0.017591
1 0.284563 0.877876 0.018075 0.019621
1 0.339766 0.884980 0.018075 0.027064
1 0.382022 0.879567 0.020518 0.014885
1 0.419394 0.888701 0.015144 0.020974
1 0.459697 0.894114 0.017587 0.019621
1 0.520762 0.908322 0.015633 0.019621
1 0.549340 0.906969 0.016121 0.019621
1 0.598437 0.889039 0.022472 0.021651
1 0.657792 0.879567 0.022960 0.021651
1 0.698828 0.873816 0.022960 0.022327
1 0.756473 0.902909 0.019052 0.025034
4 0.136541 0.237145 0.017098 0.042625
4 0.166097 0.226996 0.018564 0.045332
3 0.287738 0.209743 0.015633 0.043302
3 0.257938 0.202977 0.017587 0.041949
3 0.317294 0.210081 0.015144 0.046685
3 0.358329 0.225981 0.015144 0.046008
4 0.542501 0.219892 0.015144 0.047361
4 0.567660 0.223951 0.016610 0.046008
3 0.668784 0.229026 0.016610 0.042625
4 0.715193 0.230041 0.016610 0.040595
4 0.739375 0.230717 0.018075 0.047361
3 0.760870 0.231394 0.014167 0.040595
3 0.795799 0.218539 0.014656 0.043302
4 0.953591 0.226996 0.015633 0.048038
4 0.976063 0.205345 0.015633 0.043978
4 0.152662 0.461096 0.010259 0.027740
4 0.181241 0.461434 0.018564 0.040595
3 0.205423 0.453315 0.019052 0.039242
3 0.242306 0.460419 0.018564 0.042625
3 0.279433 0.467862 0.022472 0.042625
4 0.475085 0.444181 0.011236 0.049391
4 0.500977 0.434032 0.016121 0.053451
4 0.607474 0.421854 0.016121 0.050744
4 0.625061 0.470568 0.015144 0.037212
4 0.652662 0.462111 0.015633 0.039242
4 0.677577 0.462788 0.013679 0.037889
3 0.707865 0.469553 0.020518 0.035183
3 0.756961 0.419486 0.018075 0.048714
4 0.947240 0.427605 0.012702 0.051421
4 0.972887 0.433694 0.015144 0.055480
3 0.112604 0.659675 0.014167 0.048714
3 0.147044 0.645467 0.014656 0.050068
3 0.172936 0.681326 0.015633 0.041949
4 0.255007 0.687415 0.014656 0.040595
4 0.289448 0.641746 0.014167 0.049391
3 0.340987 0.647835 0.014656 0.053451
3 0.376649 0.653586 0.015633 0.050068
3 0.415486 0.646820 0.014167 0.050068
4 0.511236 0.666779 0.014167 0.052097
4 0.536639 0.667456 0.013190 0.048038
3 0.642648 0.655277 0.014167 0.052097
3 0.684172 0.647497 0.015144 0.050068
3 0.713483 0.687754 0.016121 0.042625
3 0.761114 0.645805 0.016610 0.048038
4 0.937958 0.688769 0.014656 0.041949
4 0.962384 0.684371 0.015633 0.037212
3 0.103810 0.899188 0.020029 0.037889
4 0.145090 0.897497 0.015633 0.038566
3 0.169272 0.900203 0.019052 0.038566
3 0.215926 0.900541 0.018564 0.041949
3 0.249634 0.897497 0.016610 0.043978
3 0.285296 0.910690 0.015633 0.036536
3 0.349780 0.859946 0.017587 0.052774
3 0.381290 0.908660 0.018075 0.036536
3 0.427943 0.858593 0.017587 0.050068
4 0.530288 0.883627 0.015144 0.058187
4 0.557890 0.883627 0.016610 0.055480
3 0.655838 0.906969 0.017098 0.039919
3 0.765999 0.872124 0.017587 0.052774
11 0.833903 0.886333 0.012702 0.017591
6 0.952125 0.881597 0.018564 0.032476
15 0.069126 0.194520 0.013190 0.042625
15 0.068149 0.412043 0.016121 0.046008
15 0.069370 0.633288 0.015633 0.048714
15 0.069370 0.856225 0.013679 0.039919
1 0.400830 0.244926 0.017098 0.018945
1 0.472154 0.245940 0.015144 0.020974
15 0.690523 0.258796 0.013190 0.039919
15 0.817538 0.893775 0.016121 0.018945
15 0.893503 0.892760 0.017587 0.018268
15 0.201759 0.866712 0.012702 0.036536
15 0.336590 0.252706 0.013679 0.042625
