1 0.095396 0.389399 0.015187 0.028542
1 0.144518 0.367482 0.013764 0.027523
1 0.192928 0.379715 0.015662 0.035678
1 0.224490 0.389399 0.017086 0.026504
1 0.255814 0.397044 0.016137 0.031600
1 0.419079 0.366972 0.016137 0.028542
1 0.543427 0.389399 0.014238 0.028542
1 0.595396 0.368502 0.016611 0.029562
1 0.647129 0.378695 0.015662 0.033639
1 0.681775 0.388889 0.014713 0.029562
1 0.716421 0.399083 0.016611 0.035678
1 0.879924 0.399592 0.016137 0.032620
1 0.072140 0.766565 0.016137 0.028542
1 0.119601 0.750765 0.016137 0.029562
1 0.169910 0.758919 0.015187 0.027523
1 0.201234 0.768094 0.015187 0.027523
1 0.234457 0.777268 0.015187 0.029562
1 0.396061 0.716616 0.014713 0.032620
1 0.520408 0.724771 0.015662 0.032620
1 0.553868 0.737003 0.015187 0.030581
1 0.588277 0.749745 0.015662 0.025484
1 0.622686 0.759939 0.013289 0.029562
1 0.656621 0.768094 0.015662 0.027523
1 0.708590 0.778287 0.015187 0.035678
18 0.287375 0.408767 0.023256 0.036697
18 0.750831 0.411315 0.022781 0.031600
18 0.269103 0.791030 0.023730 0.042813
0 0.338396 0.359837 0.015187 0.030581
0 0.805648 0.399592 0.017561 0.032620
0 0.320123 0.736493 0.014713 0.037717
17 0.779070 0.792049 0.023256 0.032620
12 0.033460 0.350153 0.028951 0.153925
12 0.033935 0.731397 0.031799 0.149847
3 0.202183 0.339450 0.015187 0.073394
3 0.233745 0.343527 0.014713 0.073394
3 0.264832 0.354230 0.013289 0.078491
3 0.296868 0.366972 0.016611 0.075433
3 0.655672 0.335372 0.014713 0.077472
3 0.691030 0.345566 0.015187 0.077472
3 0.727337 0.355759 0.016611 0.077472
3 0.761272 0.368502 0.016137 0.074414
3 0.178690 0.715596 0.015662 0.073394
3 0.211675 0.724771 0.016137 0.073394
3 0.243949 0.735984 0.018035 0.077472
3 0.278595 0.747197 0.017086 0.071356
3 0.520645 0.774210 0.017086 0.068298
3 0.563360 0.688073 0.014238 0.075433
3 0.598007 0.701325 0.016137 0.071356
3 0.632178 0.713558 0.015187 0.077472
3 0.857143 0.760958 0.015187 0.074414
3 0.891789 0.760958 0.015187 0.080530
5 0.928334 0.345056 0.019934 0.076453
5 0.922876 0.722732 0.013764 0.075433
5 0.470574 0.345566 0.012814 0.073394
5 0.448268 0.722732 0.014713 0.071356
