1 0.097358 0.361148 0.013699 0.038718
1 0.133562 0.362483 0.016634 0.036048
1 0.170010 0.373164 0.016145 0.036048
1 0.207436 0.364486 0.014677 0.040053
1 0.243395 0.373164 0.016145 0.036048
1 0.282534 0.361148 0.015166 0.038718
1 0.074119 0.796395 0.014188 0.038718
1 0.108855 0.795728 0.015166 0.040053
1 0.143346 0.809079 0.015656 0.037383
1 0.178816 0.796395 0.014188 0.038718
1 0.213552 0.809079 0.016145 0.034713
1 0.248532 0.797730 0.014677 0.036048
1 0.285225 0.798398 0.015656 0.037383
1 0.319472 0.360481 0.014677 0.040053
1 0.395059 0.361816 0.015166 0.034713
1 0.355186 0.797730 0.015656 0.033378
1 0.390166 0.797730 0.015166 0.036048
1 0.416585 0.797730 0.015166 0.038718
1 0.430773 0.362483 0.015166 0.036048
1 0.457192 0.360481 0.016145 0.040053
1 0.483366 0.371829 0.015656 0.033378
1 0.520793 0.362483 0.015166 0.036048
1 0.558219 0.373164 0.014677 0.036048
1 0.441047 0.809746 0.014188 0.030708
1 0.475783 0.799065 0.015166 0.036048
1 0.512231 0.809079 0.014677 0.034713
1 0.545988 0.797063 0.014677 0.037383
1 0.584638 0.797730 0.014677 0.038718
1 0.598092 0.360481 0.015166 0.034713
1 0.634051 0.363151 0.015656 0.037383
1 0.657290 0.797063 0.015166 0.037383
1 0.694716 0.797730 0.015656 0.036048
1 0.720890 0.797730 0.015166 0.033378
1 0.746575 0.807076 0.015656 0.036048
1 0.783023 0.797063 0.015166 0.037383
1 0.807730 0.797730 0.014677 0.036048
1 0.712573 0.362483 0.015166 0.036048
1 0.748043 0.363151 0.016634 0.037383
1 0.784247 0.371162 0.016634 0.037383
1 0.822407 0.361816 0.014677 0.037383
1 0.858855 0.373832 0.015166 0.040053
1 0.897750 0.361816 0.014677 0.037383
1 0.933464 0.362483 0.014677 0.036048
1 0.833659 0.808411 0.015656 0.033378
1 0.871331 0.798398 0.014677 0.037383
1 0.897750 0.797063 0.014677 0.040053
1 0.922945 0.837784 0.015166 0.036048
3 0.107143 0.303071 0.014677 0.090788
3 0.083904 0.746996 0.013209 0.097463
3 0.118640 0.740320 0.014188 0.097463
3 0.152886 0.752336 0.016145 0.100134
3 0.188112 0.741656 0.015166 0.094793
3 0.221869 0.753672 0.014188 0.097463
3 0.143836 0.305741 0.015656 0.098798
3 0.179795 0.317089 0.016145 0.097463
3 0.216732 0.305741 0.014677 0.101469
3 0.253669 0.319760 0.014188 0.094793
3 0.292319 0.306409 0.016145 0.092123
3 0.258072 0.742991 0.018102 0.092123
3 0.403865 0.306409 0.016145 0.097463
3 0.363992 0.741656 0.014677 0.100134
3 0.492661 0.319760 0.015656 0.097463
3 0.530577 0.305073 0.019080 0.100134
3 0.567759 0.315087 0.015166 0.104139
3 0.451076 0.753672 0.014677 0.102804
3 0.485812 0.739653 0.015656 0.096128
3 0.522260 0.753004 0.015166 0.101469
3 0.556018 0.739653 0.014188 0.101469
3 0.666585 0.740320 0.015166 0.097463
3 0.755871 0.752336 0.016634 0.100134
3 0.608121 0.309079 0.016634 0.100134
3 0.721380 0.306409 0.016145 0.097463
3 0.758317 0.303738 0.017613 0.097463
3 0.794031 0.317757 0.013699 0.096128
3 0.832436 0.305741 0.016145 0.104139
3 0.867661 0.319092 0.018102 0.101469
3 0.843200 0.751001 0.015166 0.100134
3 0.907045 0.306409 0.016634 0.102804
4 0.440802 0.310414 0.016634 0.105474
4 0.467710 0.309746 0.015656 0.104139
4 0.399462 0.740320 0.016145 0.105474
4 0.427104 0.743658 0.017613 0.104139
4 0.704990 0.744993 0.016634 0.098798
4 0.730431 0.742991 0.015656 0.102804
4 0.792319 0.744326 0.017123 0.105474
4 0.817025 0.740320 0.015656 0.097463
4 0.881360 0.738318 0.015166 0.101469
4 0.906311 0.740988 0.016145 0.106809
12 0.034980 0.349132 0.026908 0.201602
12 0.037182 0.785714 0.030333 0.201602
