1 0.101723 0.246307 0.017712 0.019910
1 0.137626 0.233783 0.014840 0.015414
1 0.194591 0.247592 0.014840 0.019910
1 0.571326 0.246949 0.014840 0.018626
1 0.607468 0.233783 0.014361 0.017983
1 0.661800 0.247592 0.014840 0.018626
1 0.802537 0.253051 0.013882 0.020552
1 0.856391 0.252087 0.014361 0.019910
1 0.078506 0.465318 0.014361 0.018626
1 0.115127 0.454721 0.015797 0.017983
1 0.172331 0.466281 0.015318 0.016699
1 0.316419 0.460822 0.016276 0.018626
1 0.374581 0.460180 0.014840 0.019910
1 0.432982 0.460501 0.016754 0.019268
1 0.490187 0.460501 0.016276 0.019268
1 0.530637 0.461143 0.014840 0.016699
1 0.588559 0.466602 0.013882 0.016057
1 0.644806 0.466281 0.015318 0.019268
1 0.702968 0.473346 0.014840 0.019268
1 0.758736 0.473346 0.017233 0.020552
1 0.078506 0.886320 0.015318 0.019268
1 0.118956 0.887283 0.014840 0.019910
1 0.159885 0.887283 0.015318 0.019910
1 0.201053 0.886962 0.016276 0.017983
1 0.241742 0.886320 0.016276 0.020552
1 0.303255 0.873154 0.014840 0.019910
1 0.246051 0.673732 0.016276 0.016699
1 0.281235 0.666988 0.014840 0.019910
1 0.316898 0.673089 0.014361 0.017983
1 0.353997 0.687219 0.015797 0.017983
1 0.346577 0.872511 0.018191 0.017341
1 0.408329 0.891137 0.017233 0.019910
1 0.462662 0.891458 0.018669 0.019268
1 0.489469 0.680154 0.015797 0.023121
1 0.526089 0.686898 0.015318 0.017341
1 0.565103 0.694284 0.014840 0.019268
1 0.601484 0.687219 0.014840 0.017983
1 0.639540 0.680154 0.015318 0.019268
1 0.708712 0.692036 0.015797 0.019910
1 0.764241 0.686577 0.015797 0.019268
1 0.798708 0.693642 0.014840 0.017983
1 0.835089 0.687219 0.014840 0.017983
1 0.871709 0.672447 0.017233 0.016699
1 0.763763 0.874117 0.013882 0.015414
1 0.804691 0.873796 0.014361 0.014772
3 0.111776 0.219653 0.017712 0.044958
3 0.088080 0.438664 0.017233 0.047527
3 0.202968 0.219653 0.016276 0.044958
3 0.183341 0.438022 0.018191 0.044958
3 0.500479 0.432241 0.016754 0.044958
3 0.539493 0.431920 0.016276 0.048170
3 0.581139 0.218369 0.017233 0.046243
3 0.672571 0.221901 0.015318 0.053308
3 0.087841 0.859024 0.015797 0.044316
3 0.129488 0.856455 0.016754 0.049454
3 0.170895 0.859666 0.016276 0.048170
3 0.209430 0.858060 0.014840 0.046243
3 0.255864 0.646114 0.015797 0.050096
3 0.291048 0.640976 0.013404 0.046243
3 0.325993 0.645151 0.014361 0.049454
3 0.362614 0.660565 0.013882 0.048170
3 0.303734 0.901092 0.017712 0.039820
3 0.346338 0.901734 0.016754 0.044958
3 0.500239 0.651574 0.018191 0.046885
3 0.536142 0.660244 0.017233 0.050096
3 0.573959 0.665703 0.016276 0.053308
3 0.610101 0.659923 0.015797 0.049454
3 0.718286 0.667630 0.014840 0.048170
3 0.772140 0.661207 0.014361 0.049454
3 0.807563 0.665703 0.015318 0.050739
3 0.844663 0.660565 0.013882 0.048170
3 0.881762 0.646757 0.018191 0.050096
3 0.763284 0.901092 0.015797 0.041105
3 0.803973 0.902055 0.017712 0.041747
0 0.230014 0.233141 0.014840 0.019268
0 0.698660 0.232177 0.016754 0.021195
0 0.911680 0.251766 0.017712 0.017983
0 0.210866 0.454078 0.017712 0.019268
0 0.078985 0.682723 0.017233 0.026975
0 0.150551 0.666988 0.013882 0.019910
0 0.387985 0.685934 0.014840 0.017983
0 0.907851 0.672447 0.013882 0.017983
18 0.332934 0.260437 0.022499 0.019910
18 0.387745 0.261079 0.022978 0.022479
18 0.442556 0.262364 0.022499 0.021195
17 0.835807 0.482017 0.022978 0.023764
5 0.496888 0.219332 0.012446 0.043031
5 0.935376 0.437701 0.012446 0.048170
11 0.850886 0.472704 0.006223 0.011561
11 0.653901 0.678548 0.007659 0.012203
5 0.842269 0.878934 0.018669 0.046885
12 0.038296 0.222222 0.032551 0.098908
12 0.039732 0.444444 0.033509 0.098908
12 0.039732 0.660886 0.031594 0.101477
12 0.039732 0.881182 0.029679 0.100193
20 0.518430 0.878292 0.026807 0.021195
19 0.670895 0.868658 0.025371 0.021195
20 0.900431 0.878613 0.024892 0.019268
14 0.265438 0.692036 0.041647 0.018626
14 0.371709 0.702633 0.039732 0.016699
14 0.801580 0.704881 0.078028 0.021195
14 0.890139 0.690109 0.039732 0.019910
