1 0.221981 0.400211 0.016908 0.031679
1 0.262802 0.397571 0.014493 0.034847
1 0.324396 0.409715 0.015942 0.029567
1 0.355797 0.408659 0.015942 0.029567
1 0.387681 0.417107 0.015942 0.029567
1 0.420048 0.429250 0.016908 0.032735
1 0.568599 0.399683 0.014493 0.028511
1 0.617633 0.400739 0.015942 0.028511
1 0.664976 0.365892 0.016908 0.039071
1 0.710628 0.366948 0.014493 0.034847
1 0.781159 0.376452 0.016425 0.032735
1 0.810628 0.363780 0.014493 0.032735
1 0.843961 0.374340 0.015459 0.034847
1 0.872464 0.384372 0.015459 0.035903
1 0.903865 0.398627 0.014493 0.028511
1 0.198068 0.791447 0.016425 0.030623
1 0.237923 0.791975 0.015942 0.033791
1 0.298551 0.801478 0.015459 0.031679
1 0.329710 0.801478 0.016908 0.031679
1 0.359420 0.815734 0.015459 0.030623
1 0.388647 0.822070 0.016908 0.030623
1 0.531401 0.822070 0.016425 0.028511
1 0.559420 0.822598 0.015459 0.029567
1 0.591787 0.821542 0.015459 0.033791
1 0.621256 0.814150 0.016425 0.029567
1 0.652415 0.822598 0.014976 0.031679
1 0.698792 0.845301 0.015942 0.028511
1 0.825121 0.756072 0.015459 0.035903
1 0.855797 0.766103 0.015942 0.032735
1 0.884783 0.757656 0.016908 0.032735
18 0.140580 0.440866 0.024155 0.034847
18 0.181401 0.441394 0.025604 0.031679
18 0.453382 0.441394 0.024638 0.033791
18 0.115459 0.833685 0.025121 0.039071
18 0.156280 0.832629 0.023671 0.034847
18 0.420290 0.832629 0.022222 0.036959
18 0.764251 0.832101 0.024155 0.031679
3 0.334300 0.362724 0.015459 0.074974
3 0.365942 0.364308 0.015942 0.082365
3 0.398309 0.374340 0.016908 0.081309
3 0.429952 0.385428 0.018357 0.078141
3 0.306763 0.753432 0.014493 0.083421
3 0.338889 0.755016 0.017874 0.078141
3 0.368599 0.765576 0.019324 0.082365
3 0.400000 0.774551 0.018357 0.083421
3 0.540097 0.776663 0.017391 0.074974
3 0.569807 0.778775 0.019807 0.083421
3 0.602899 0.776135 0.017391 0.080253
3 0.632850 0.769271 0.018357 0.077086
3 0.774638 0.786695 0.017874 0.073918
3 0.783575 0.421859 0.020290 0.070750
3 0.810386 0.410243 0.018841 0.070750
3 0.841304 0.422386 0.023671 0.069694
3 0.882126 0.341605 0.016425 0.085533
3 0.826087 0.805174 0.018357 0.068638
3 0.856522 0.814150 0.017391 0.071806
3 0.885266 0.808342 0.022705 0.074974
12 0.034541 0.380148 0.032367 0.162619
12 0.034058 0.771911 0.029469 0.158395
10 0.070773 0.333685 0.012077 0.059134
10 0.061353 0.364308 0.010628 0.052798
10 0.081401 0.380148 0.014976 0.048574
10 0.070773 0.725449 0.012077 0.057022
10 0.061353 0.758184 0.012560 0.052798
10 0.080193 0.774023 0.013527 0.057022
5 0.499517 0.373812 0.018357 0.082365
5 0.465217 0.762936 0.019324 0.077086
5 0.948551 0.371172 0.014010 0.077086
5 0.949275 0.762936 0.019324 0.087645
6 0.792512 0.771383 0.017874 0.053854
6 0.914251 0.771383 0.018841 0.060190
16 0.699758 0.826822 0.019807 0.021119
