12 0.038760 0.253041 0.029070 0.123277
12 0.039244 0.530008 0.030039 0.127332
12 0.039486 0.803731 0.028585 0.123277
1 0.125484 0.276156 0.017442 0.025142
1 0.185320 0.275750 0.015019 0.024331
1 0.249031 0.276561 0.015504 0.022709
1 0.331153 0.260341 0.016957 0.025953
1 0.421027 0.268856 0.016473 0.023520
1 0.468992 0.277372 0.016473 0.025953
1 0.561531 0.257908 0.014535 0.019465
1 0.561531 0.276561 0.014535 0.019465
1 0.632752 0.257502 0.014535 0.020276
1 0.633479 0.277778 0.015019 0.020276
1 0.707364 0.257097 0.016473 0.019465
1 0.707607 0.277372 0.016957 0.021087
1 0.798692 0.239659 0.015988 0.021898
1 0.798450 0.261963 0.017442 0.022709
1 0.882267 0.249392 0.016473 0.020276
1 0.882752 0.270479 0.016473 0.021898
1 0.928295 0.256691 0.015504 0.020276
1 0.928537 0.278183 0.015019 0.021087
1 0.101260 0.517843 0.014535 0.020276
1 0.100775 0.537307 0.014535 0.020276
1 0.172965 0.525547 0.017442 0.019465
1 0.173450 0.545823 0.016473 0.021087
1 0.247093 0.534874 0.015504 0.021898
1 0.247335 0.555556 0.015019 0.019465
1 0.630087 0.552311 0.015988 0.025953
1 0.681928 0.560422 0.015988 0.021087
1 0.755087 0.551500 0.015019 0.021087
1 0.835271 0.544201 0.014535 0.024331
1 0.914729 0.536091 0.016473 0.024331
1 0.206638 0.810624 0.015988 0.021898
1 0.207364 0.832117 0.015504 0.021087
1 0.253634 0.817113 0.015019 0.020276
1 0.253634 0.835766 0.015019 0.017032
1 0.319283 0.811841 0.014535 0.022709
1 0.319525 0.832522 0.014050 0.020276
1 0.397529 0.802920 0.015019 0.019465
1 0.397771 0.823195 0.014535 0.021087
1 0.474806 0.793187 0.015504 0.019465
1 0.475048 0.812652 0.015988 0.019465
1 0.572432 0.793998 0.015019 0.019465
1 0.571948 0.813058 0.015019 0.020276
1 0.624758 0.802514 0.015019 0.018654
1 0.624758 0.821168 0.015019 0.018654
1 0.674176 0.810624 0.015988 0.020276
1 0.674661 0.831306 0.015988 0.021087
1 0.752422 0.817924 0.014535 0.018654
1 0.751938 0.836172 0.014535 0.017843
0 0.339390 0.542579 0.014050 0.019465
0 0.339390 0.562855 0.014050 0.019465
0 0.507510 0.544201 0.013081 0.022709
0 0.101017 0.804136 0.015019 0.020276
0 0.101744 0.821168 0.014535 0.018654
0 0.847868 0.828062 0.015504 0.024331
11 0.864099 0.828467 0.006298 0.012165
11 0.813227 0.242498 0.009205 0.014599
11 0.813227 0.259124 0.011143 0.017032
11 0.346415 0.257502 0.007752 0.012165
11 0.354167 0.536091 0.007752 0.012976
11 0.354167 0.551500 0.008721 0.012976
3 0.429990 0.236010 0.014050 0.061638
3 0.890988 0.219789 0.014535 0.058394
3 0.639535 0.517843 0.015504 0.060827
3 0.691618 0.526358 0.014050 0.060016
3 0.216812 0.777372 0.015019 0.059205
3 0.263566 0.785888 0.016473 0.060016
3 0.572190 0.846310 0.016473 0.055961
3 0.633479 0.772101 0.015019 0.060016
10 0.066134 0.243309 0.011143 0.038929
10 0.066134 0.517843 0.011143 0.038118
10 0.066134 0.794809 0.011143 0.042174
