1 0.097080 0.233736 0.015085 0.018109
1 0.166667 0.238766 0.014112 0.016097
1 0.192944 0.233065 0.015085 0.016767
1 0.219465 0.247485 0.016545 0.017438
1 0.310706 0.247485 0.014112 0.016097
1 0.364720 0.253521 0.014112 0.016097
1 0.407786 0.247150 0.014599 0.016767
1 0.548175 0.253186 0.016058 0.016767
1 0.614355 0.253856 0.015085 0.018109
1 0.645499 0.247820 0.015085 0.016767
1 0.676399 0.239101 0.015572 0.016767
1 0.744769 0.227364 0.015085 0.017438
1 0.808273 0.232059 0.015572 0.016097
1 0.885888 0.233065 0.015085 0.016767
1 0.073723 0.426895 0.014112 0.022133
1 0.135280 0.433602 0.013625 0.016767
1 0.164234 0.426559 0.015085 0.021462
1 0.193187 0.438967 0.014599 0.016767
1 0.289538 0.447351 0.014599 0.016097
1 0.341119 0.454058 0.013625 0.017438
1 0.383942 0.447351 0.014599 0.017438
1 0.425061 0.459423 0.015085 0.016097
1 0.524088 0.466465 0.015572 0.019450
1 0.588078 0.454058 0.015085 0.018779
1 0.618978 0.439302 0.014599 0.016097
1 0.647932 0.447351 0.015085 0.016097
1 0.692214 0.447686 0.014112 0.016767
1 0.736496 0.482562 0.014112 0.014085
1 0.073966 0.680080 0.014599 0.017438
1 0.099270 0.679745 0.014599 0.018109
1 0.123844 0.680080 0.014112 0.016097
1 0.160584 0.674715 0.014599 0.020121
1 0.074696 0.855131 0.015085 0.020121
1 0.134793 0.860832 0.015572 0.019450
1 0.163504 0.855801 0.015572 0.018779
1 0.198297 0.665325 0.015085 0.018779
1 0.223601 0.666667 0.015085 0.017438
1 0.248905 0.674044 0.015085 0.016097
1 0.285158 0.680751 0.014599 0.016097
1 0.192944 0.866533 0.015085 0.018779
1 0.290024 0.874581 0.015572 0.017438
1 0.341849 0.880952 0.014112 0.022133
1 0.343309 0.674044 0.017032 0.018779
1 0.459854 0.660295 0.016545 0.018109
1 0.383455 0.874916 0.015572 0.016767
1 0.424331 0.886653 0.015572 0.017438
1 0.523601 0.894366 0.014599 0.020791
1 0.587348 0.883300 0.015572 0.021462
1 0.618248 0.866197 0.016058 0.019450
1 0.648175 0.874581 0.015572 0.018779
1 0.595620 0.666667 0.016545 0.018779
1 0.653528 0.668008 0.015572 0.018779
1 0.678589 0.655600 0.014112 0.016767
1 0.706083 0.639168 0.016545 0.018779
1 0.692457 0.875922 0.015572 0.018779
1 0.763990 0.654930 0.014599 0.018109
1 0.736496 0.908451 0.016058 0.014085
1 0.821168 0.648893 0.015085 0.014085
1 0.892944 0.648558 0.015572 0.017438
3 0.319708 0.219987 0.014599 0.044266
3 0.373723 0.227029 0.014599 0.046278
3 0.416302 0.221999 0.015085 0.046948
3 0.754745 0.200537 0.014599 0.045607
3 0.299270 0.421529 0.015572 0.048960
3 0.351095 0.426559 0.017032 0.046948
3 0.392457 0.421529 0.013139 0.051643
3 0.658394 0.421194 0.015572 0.045607
3 0.701946 0.421194 0.017032 0.050973
3 0.745985 0.452716 0.017518 0.042924
3 0.133090 0.654930 0.014112 0.046278
3 0.169586 0.648558 0.014112 0.046948
3 0.258394 0.647552 0.014599 0.047619
3 0.295864 0.654594 0.016545 0.048290
3 0.351825 0.646881 0.015572 0.047619
3 0.392457 0.849095 0.013139 0.049631
3 0.469586 0.633803 0.016545 0.048290
3 0.657178 0.848424 0.015085 0.050973
3 0.700487 0.848424 0.017032 0.046948
3 0.745985 0.878940 0.017518 0.047619
3 0.773723 0.627767 0.014599 0.046948
18 0.449878 0.257881 0.024818 0.022133
18 0.799027 0.472837 0.023358 0.020121
18 0.880292 0.473843 0.023358 0.019450
18 0.799027 0.901073 0.023358 0.018109
18 0.879805 0.900738 0.022384 0.022803
16 0.737226 0.472502 0.026277 0.012743
16 0.736010 0.899732 0.021898 0.008719
11 0.236010 0.238095 0.010706 0.013414
11 0.207543 0.438296 0.007299 0.010060
11 0.466423 0.252850 0.007299 0.012072
11 0.439903 0.453387 0.007786 0.010731
11 0.824574 0.228035 0.009246 0.012072
11 0.814112 0.468142 0.003893 0.010731
11 0.207786 0.865862 0.006813 0.010731
11 0.439903 0.879946 0.007786 0.010731
11 0.837226 0.640510 0.007299 0.010731
11 0.814842 0.894702 0.005353 0.009390
9 0.184672 0.199195 0.034550 0.030852
9 0.634793 0.212944 0.038443 0.028840
9 0.143796 0.468478 0.034550 0.028840
9 0.144282 0.894031 0.037470 0.030852
9 0.670803 0.621395 0.030657 0.032864
8 0.320438 0.835681 0.058881 0.026828
4 0.598783 0.426224 0.017032 0.054326
4 0.627737 0.414152 0.016545 0.050302
4 0.082725 0.653924 0.016545 0.046948
4 0.108029 0.651911 0.017518 0.050973
4 0.208029 0.640845 0.017032 0.047619
4 0.232847 0.638498 0.017032 0.050973
4 0.597080 0.854460 0.018491 0.052314
4 0.627251 0.839370 0.015572 0.050302
15 0.153528 0.238766 0.014112 0.042924
15 0.351095 0.251509 0.013139 0.042924
15 0.327737 0.452046 0.013139 0.041583
15 0.327981 0.879276 0.014599 0.041583
7 0.946959 0.220322 0.016545 0.034205
7 0.945985 0.437626 0.019465 0.032864
7 0.951582 0.650905 0.015085 0.031522
7 0.944769 0.862508 0.015085 0.032193
12 0.035036 0.223675 0.029197 0.099933
12 0.033577 0.437626 0.028224 0.099933
12 0.035036 0.649564 0.029197 0.099933
12 0.034307 0.864185 0.030657 0.101274
14 0.848175 0.250838 0.083698 0.018779
14 0.840876 0.489604 0.083698 0.018779
14 0.857664 0.628102 0.074453 0.023474
14 0.841363 0.920523 0.084672 0.022133
7 0.381509 0.650235 0.016545 0.034205
7 0.420438 0.651576 0.016545 0.032864
7 0.497080 0.651911 0.014112 0.030852
7 0.536010 0.650905 0.016058 0.031522
