1 0.122807 0.204799 0.014620 0.019066
1 0.169834 0.185076 0.016082 0.015122
1 0.097953 0.361933 0.016569 0.017751
1 0.097710 0.379356 0.016082 0.015779
1 0.153021 0.365220 0.016569 0.016437
1 0.154240 0.381986 0.018031 0.015779
1 0.239279 0.183761 0.017544 0.016437
1 0.278265 0.184089 0.016569 0.019724
1 0.336014 0.168968 0.016082 0.017094
1 0.336745 0.186062 0.016569 0.015779
1 0.225634 0.379684 0.015595 0.015122
1 0.225877 0.397765 0.017057 0.018409
1 0.264133 0.380671 0.016569 0.014464
1 0.264620 0.396121 0.015595 0.017751
1 0.320419 0.395135 0.016082 0.017094
1 0.413986 0.176529 0.019006 0.020381
1 0.413743 0.193951 0.017544 0.018409
1 0.483187 0.183761 0.017057 0.017751
1 0.483187 0.199869 0.015107 0.018409
1 0.523148 0.176529 0.015107 0.017751
1 0.522904 0.193951 0.016569 0.018409
1 0.579191 0.171269 0.015107 0.017751
1 0.578947 0.190993 0.014620 0.017751
1 0.397173 0.385602 0.015595 0.016437
1 0.397904 0.404339 0.015107 0.019724
1 0.468324 0.393820 0.017544 0.017094
1 0.469298 0.410256 0.017544 0.015779
1 0.507066 0.385930 0.015107 0.015779
1 0.506579 0.404997 0.015107 0.022354
1 0.565546 0.380342 0.018031 0.015122
1 0.565302 0.413872 0.016569 0.019066
1 0.656676 0.185076 0.017057 0.017751
1 0.728801 0.184418 0.017057 0.019066
1 0.765595 0.169954 0.014620 0.015122
1 0.765595 0.185733 0.015595 0.017751
1 0.820906 0.156147 0.016082 0.020381
1 0.821881 0.172913 0.017057 0.015779
1 0.643275 0.395135 0.015595 0.017094
1 0.711988 0.405325 0.015595 0.016437
1 0.749513 0.405983 0.017544 0.016437
1 0.711745 0.428008 0.015107 0.011834
1 0.808236 0.410914 0.016082 0.018409
1 0.096979 0.568705 0.016569 0.017094
1 0.098197 0.586128 0.017057 0.017751
1 0.153021 0.575279 0.017544 0.014464
1 0.154483 0.590401 0.016569 0.017094
1 0.225877 0.588757 0.017057 0.015122
1 0.226608 0.605194 0.018519 0.017751
1 0.264620 0.589086 0.016569 0.015779
1 0.264376 0.605194 0.015107 0.017751
1 0.098197 0.778435 0.016082 0.018409
1 0.097710 0.796515 0.015107 0.016437
1 0.153021 0.785010 0.016569 0.017094
1 0.153996 0.801118 0.015595 0.016437
1 0.226121 0.797173 0.016569 0.019066
1 0.226608 0.814267 0.016569 0.016437
1 0.264133 0.798817 0.014620 0.017094
1 0.264376 0.815911 0.015107 0.018409
1 0.320906 0.813938 0.018031 0.017094
1 0.321394 0.603222 0.017057 0.019066
1 0.397173 0.595003 0.015595 0.017094
1 0.398148 0.610454 0.016569 0.016437
1 0.468567 0.602893 0.016082 0.017094
1 0.468811 0.618672 0.016569 0.019724
1 0.397661 0.803419 0.016569 0.021039
1 0.397904 0.822814 0.017057 0.019066
1 0.468567 0.811966 0.017057 0.017094
1 0.468811 0.828402 0.017544 0.017094
1 0.506092 0.594017 0.019006 0.016437
1 0.507310 0.610454 0.018519 0.013807
1 0.565058 0.570020 0.017057 0.015779
1 0.565302 0.586456 0.017544 0.017094
1 0.642788 0.575608 0.015595 0.017751
1 0.644006 0.591716 0.018031 0.014464
1 0.712719 0.587771 0.019006 0.018409
1 0.712232 0.605194 0.017057 0.016437
1 0.750000 0.587771 0.015595 0.017094
1 0.750244 0.605194 0.018031 0.016437
1 0.508772 0.804405 0.017544 0.017751
1 0.507797 0.821828 0.017544 0.017094
1 0.566033 0.800131 0.022904 0.023669
1 0.565058 0.832347 0.018031 0.018409
1 0.642788 0.813609 0.018519 0.017751
1 0.643275 0.847469 0.016569 0.014464
1 0.712719 0.824129 0.016082 0.019066
1 0.712963 0.849441 0.018519 0.018409
1 0.750000 0.823471 0.014620 0.019066
1 0.807749 0.575937 0.017057 0.019724
1 0.808236 0.591387 0.018031 0.012492
1 0.808967 0.830375 0.014620 0.015779
0 0.898635 0.149901 0.016569 0.017094
0 0.899123 0.165680 0.016569 0.019724
0 0.886209 0.394806 0.014133 0.019066
0 0.886940 0.428665 0.015595 0.013149
0 0.885721 0.570020 0.016082 0.018409
0 0.886209 0.587114 0.017057 0.017094
0 0.886452 0.813281 0.016569 0.018409
0 0.886452 0.847469 0.015595 0.013149
18 0.749025 0.421433 0.024366 0.017094
18 0.820175 0.424721 0.023392 0.021039
18 0.749513 0.840237 0.024366 0.018409
18 0.820419 0.842538 0.023879 0.020381
3 0.248051 0.158777 0.017544 0.047995
3 0.240010 0.210717 0.019981 0.044050
3 0.235380 0.357331 0.017544 0.046680
3 0.492203 0.159763 0.012671 0.048652
3 0.479045 0.368836 0.019493 0.046022
3 0.737086 0.160092 0.014133 0.046680
3 0.729045 0.212689 0.019493 0.044050
3 0.721248 0.380999 0.016569 0.047995
3 0.235867 0.564103 0.016569 0.048652
3 0.233918 0.774162 0.016569 0.049310
3 0.477339 0.577581 0.016082 0.045365
3 0.476121 0.787640 0.016569 0.049967
3 0.721004 0.564103 0.014133 0.048652
3 0.721491 0.800131 0.019006 0.049967
11 0.184698 0.177515 0.009747 0.014464
11 0.170322 0.360618 0.010234 0.016437
11 0.171540 0.377383 0.009747 0.010519
11 0.414230 0.385930 0.008772 0.013149
11 0.414961 0.403024 0.009259 0.011834
11 0.427875 0.177844 0.008772 0.011177
11 0.427144 0.191321 0.009259 0.011834
11 0.671053 0.177844 0.004873 0.013807
11 0.658138 0.386917 0.010234 0.015122
11 0.914230 0.150230 0.005848 0.016437
11 0.915448 0.164366 0.009259 0.014464
11 0.901803 0.384944 0.008285 0.015122
11 0.902290 0.425707 0.008285 0.013807
11 0.171296 0.570677 0.008285 0.010519
11 0.171053 0.583826 0.009747 0.013149
11 0.169591 0.778764 0.010721 0.015122
11 0.171540 0.795529 0.009747 0.013149
11 0.415205 0.596647 0.009747 0.013807
11 0.415448 0.610454 0.010234 0.011177
11 0.413986 0.804405 0.009259 0.016437
11 0.413986 0.821828 0.008285 0.011834
11 0.658382 0.570677 0.009747 0.014464
11 0.659844 0.585141 0.010721 0.013149
11 0.658869 0.803090 0.009747 0.017751
11 0.658869 0.845496 0.008772 0.014464
11 0.901072 0.572650 0.006823 0.013149
11 0.900341 0.584813 0.012183 0.012492
11 0.900585 0.804405 0.009747 0.016437
11 0.901803 0.846483 0.010234 0.013807
12 0.034844 0.174227 0.031676 0.099934
12 0.034600 0.386259 0.034113 0.099277
12 0.034844 0.593688 0.027778 0.097304
12 0.034600 0.805391 0.029240 0.101249
15 0.063109 0.144642 0.015107 0.044707
15 0.062135 0.356016 0.011209 0.040105
15 0.062622 0.563774 0.015107 0.038790
15 0.061647 0.772847 0.014133 0.044050
