1 0.184172 0.313693 0.015633 0.023237
1 0.207621 0.312033 0.014656 0.021577
1 0.265266 0.295851 0.016610 0.024066
1 0.287982 0.295436 0.014167 0.021577
1 0.418906 0.295851 0.014167 0.022407
1 0.449194 0.306224 0.014167 0.024896
1 0.478749 0.312863 0.015633 0.019917
1 0.508305 0.319917 0.014167 0.020747
1 0.717147 0.279668 0.012702 0.024896
1 0.746214 0.280498 0.015144 0.024896
1 0.819736 0.288382 0.014656 0.024066
1 0.864436 0.287967 0.016121 0.024896
1 0.892770 0.288797 0.015144 0.023237
1 0.076942 0.607054 0.015144 0.024066
1 0.103810 0.607054 0.015144 0.020747
1 0.132145 0.608299 0.015144 0.024896
1 0.161212 0.607884 0.015633 0.022407
1 0.189301 0.608299 0.014167 0.023237
1 0.233268 0.607884 0.015144 0.022407
1 0.357841 0.583817 0.014167 0.024066
1 0.386908 0.592531 0.015633 0.023237
1 0.414753 0.599170 0.015633 0.023237
1 0.443087 0.607054 0.015633 0.022407
1 0.611138 0.601245 0.015633 0.022407
1 0.641426 0.600000 0.015633 0.021577
1 0.670493 0.600830 0.017098 0.023237
1 0.750611 0.583817 0.016121 0.022407
1 0.780410 0.582988 0.014167 0.025726
1 0.808989 0.584647 0.016610 0.024066
1 0.840498 0.584647 0.014167 0.024066
1 0.870298 0.557261 0.015144 0.024066
1 0.900342 0.558921 0.015633 0.024066
1 0.929409 0.558506 0.016121 0.023237
1 0.076942 0.878423 0.014167 0.020747
1 0.135076 0.870539 0.014167 0.024896
1 0.190034 0.878008 0.013679 0.021577
1 0.247924 0.870124 0.016121 0.027386
1 0.326087 0.877593 0.015144 0.022407
1 0.351979 0.879253 0.014167 0.022407
1 0.380801 0.878008 0.015144 0.019917
1 0.408403 0.877593 0.015633 0.022407
1 0.536639 0.878008 0.014167 0.019917
1 0.595506 0.869295 0.015633 0.025726
1 0.652662 0.877178 0.015633 0.021577
1 0.710552 0.870954 0.015144 0.024066
1 0.789448 0.877178 0.014656 0.021577
1 0.814851 0.878423 0.014656 0.020747
1 0.842697 0.878423 0.015633 0.020747
1 0.870054 0.879253 0.015633 0.020747
1 0.898876 0.856017 0.015633 0.020747
18 0.106253 0.331535 0.023937 0.025726
18 0.129702 0.332780 0.024915 0.026556
18 0.541524 0.329046 0.022960 0.025726
18 0.490718 0.617012 0.022960 0.032365
18 0.519297 0.616598 0.023449 0.023237
18 0.552272 0.616183 0.021983 0.022407
18 0.580850 0.615768 0.021495 0.024896
18 0.436981 0.911618 0.025892 0.022407
0 0.652907 0.271369 0.016121 0.028216
0 0.922570 0.295436 0.017098 0.023237
0 0.294089 0.584647 0.016610 0.024066
4 0.115046 0.296266 0.016121 0.054772
4 0.138007 0.297095 0.016121 0.054772
4 0.193454 0.280498 0.014656 0.058091
4 0.215926 0.280083 0.012702 0.057261
4 0.274792 0.260581 0.016121 0.054772
4 0.297020 0.262656 0.014656 0.058921
3 0.428188 0.261826 0.016121 0.057261
3 0.458476 0.270124 0.016121 0.057261
3 0.488276 0.277593 0.014167 0.058921
3 0.518319 0.287967 0.017587 0.063071
3 0.716414 0.316598 0.016121 0.050622
3 0.873473 0.253112 0.016610 0.058091
3 0.903517 0.252697 0.018075 0.057261
3 0.086468 0.575104 0.013679 0.056432
3 0.113581 0.573444 0.017098 0.056432
3 0.141182 0.573029 0.015633 0.058921
3 0.170982 0.573859 0.015633 0.057261
3 0.367611 0.550622 0.015144 0.065560
3 0.396190 0.557676 0.015633 0.061411
3 0.423791 0.563071 0.013190 0.055602
3 0.453591 0.573029 0.016121 0.057261
3 0.500000 0.579253 0.014167 0.056432
3 0.529555 0.576763 0.015633 0.059751
3 0.561065 0.580083 0.016121 0.058091
3 0.590865 0.578423 0.017098 0.058091
3 0.620909 0.565975 0.017587 0.058091
3 0.650708 0.563071 0.013679 0.057261
3 0.680997 0.562656 0.018564 0.058091
3 0.759893 0.547303 0.016121 0.057261
3 0.789448 0.548963 0.015633 0.058921
3 0.818515 0.549378 0.015144 0.061411
3 0.851001 0.548548 0.016610 0.059751
3 0.870542 0.594191 0.016610 0.051452
3 0.900586 0.595851 0.018075 0.053112
3 0.930386 0.595021 0.017098 0.051452
3 0.086712 0.844398 0.017098 0.057261
3 0.143869 0.833610 0.019052 0.060581
3 0.199560 0.842324 0.015144 0.059751
3 0.257450 0.836100 0.016610 0.058921
3 0.334636 0.842739 0.014656 0.062241
3 0.361260 0.843154 0.014167 0.059751
3 0.390572 0.841494 0.014167 0.059751
3 0.416219 0.843568 0.016610 0.062241
3 0.547142 0.839419 0.017587 0.058921
3 0.604543 0.835270 0.016121 0.060581
3 0.661944 0.843154 0.014656 0.059751
3 0.719834 0.834025 0.014167 0.058091
3 0.797509 0.842739 0.013190 0.060581
3 0.824621 0.841909 0.015633 0.060581
3 0.852467 0.841909 0.017587 0.058921
3 0.877626 0.842739 0.017098 0.060581
6 0.151685 0.282988 0.014167 0.036515
6 0.229604 0.286307 0.013679 0.038174
6 0.311187 0.285477 0.015633 0.038174
6 0.701759 0.570954 0.014167 0.034855
6 0.958964 0.571369 0.014656 0.034025
6 0.102345 0.865560 0.014167 0.034855
6 0.160234 0.864315 0.015633 0.034025
6 0.217636 0.865975 0.015144 0.034025
6 0.275281 0.864730 0.015144 0.034855
6 0.565217 0.864730 0.016610 0.036515
6 0.622863 0.866390 0.013679 0.034855
6 0.680508 0.865975 0.014656 0.034025
6 0.737421 0.865560 0.015144 0.031535
5 0.346361 0.279668 0.011724 0.058091
5 0.587689 0.278423 0.011724 0.053942
5 0.478261 0.857261 0.014656 0.056432
5 0.939179 0.857261 0.012213 0.054772
12 0.038837 0.282158 0.027846 0.124481
12 0.037860 0.569295 0.029800 0.121162
12 0.037616 0.863900 0.030288 0.122822
11 0.761602 0.269710 0.007816 0.013278
