18 0.085364 0.723013 0.022530 0.079478
18 0.121829 0.725979 0.021362 0.080664
18 0.159963 0.725979 0.023865 0.075919
18 0.286215 0.723606 0.024032 0.075919
1 0.195594 0.683274 0.015354 0.080664
1 0.231559 0.652432 0.017857 0.080664
0 0.363735 0.685647 0.014519 0.080664
1 0.556325 0.682088 0.016522 0.083037
1 0.593291 0.685053 0.014686 0.079478
1 0.633845 0.681495 0.015354 0.077106
1 0.675067 0.652432 0.013685 0.080664
1 0.713618 0.616251 0.017023 0.096085
1 0.773531 0.686833 0.017023 0.085409
0 0.852303 0.647687 0.015688 0.075919
5 0.954022 0.495848 0.012850 0.234875
5 0.475467 0.495255 0.014686 0.231317
11 0.380090 0.679715 0.006842 0.035587
11 0.868074 0.614472 0.006509 0.030842
12 0.022196 0.516607 0.027704 0.511269
3 0.095544 0.573547 0.013184 0.221827
3 0.131676 0.575326 0.014686 0.230130
3 0.169810 0.578292 0.014519 0.247924
3 0.205190 0.540332 0.012850 0.252669
3 0.565254 0.536180 0.013351 0.220641
3 0.602720 0.534401 0.013518 0.228944
3 0.643608 0.528470 0.013184 0.231317
3 0.684746 0.501186 0.013351 0.250297
