12 0.021946 0.515588 0.026202 0.510791
1 0.062500 0.647482 0.014853 0.081535
1 0.095461 0.646882 0.014686 0.077938
1 0.129923 0.646882 0.014519 0.077938
1 0.164386 0.647482 0.014352 0.081535
1 0.200434 0.643885 0.015020 0.079137
1 0.251585 0.578537 0.014853 0.082734
1 0.323598 0.619305 0.014686 0.092326
1 0.358812 0.619305 0.015020 0.087530
1 0.395778 0.617506 0.014853 0.086331
1 0.431575 0.615707 0.015688 0.085132
1 0.467123 0.615108 0.015688 0.083933
1 0.521862 0.542566 0.014352 0.094724
1 0.598465 0.585132 0.014019 0.083933
1 0.633845 0.582134 0.014352 0.085132
1 0.688418 0.581535 0.014686 0.086331
1 0.723965 0.616906 0.014352 0.089928
1 0.779039 0.682854 0.016355 0.094724
3 0.071095 0.501199 0.014019 0.249400
3 0.104806 0.501799 0.012684 0.250600
3 0.138935 0.504796 0.013184 0.249400
3 0.173231 0.501799 0.012350 0.248201
3 0.333445 0.464628 0.014019 0.221823
3 0.369159 0.458034 0.013685 0.225420
3 0.405207 0.456835 0.013685 0.232614
3 0.441505 0.461631 0.014853 0.220624
3 0.607560 0.434652 0.012517 0.238609
3 0.698181 0.441247 0.012850 0.251799
5 0.952770 0.483213 0.010347 0.230216
11 0.868575 0.682854 0.004172 0.032374
17 0.851969 0.720624 0.021696 0.088729
