1 0.062083 0.682088 0.013685 0.083037
1 0.093792 0.683274 0.013017 0.080664
1 0.128755 0.683867 0.013852 0.084223
1 0.159713 0.683274 0.014686 0.085409
1 0.289803 0.650652 0.014519 0.086595
1 0.323014 0.653618 0.013852 0.087782
1 0.357977 0.651246 0.014019 0.083037
1 0.392607 0.650652 0.014519 0.091340
1 0.526118 0.612100 0.014519 0.094899
1 0.562250 0.613879 0.014019 0.096085
1 0.614569 0.616251 0.014186 0.098458
1 0.647697 0.615065 0.013685 0.098458
1 0.683662 0.648873 0.014853 0.083037
1 0.718041 0.682088 0.014853 0.092527
1 0.752921 0.682088 0.014519 0.080664
1 0.808244 0.650652 0.016021 0.086595
1 0.842957 0.650652 0.014019 0.084223
1 0.876252 0.540925 0.016856 0.094899
0 0.194426 0.679715 0.014686 0.080664
0 0.428321 0.648280 0.014853 0.086595
0 0.929156 0.574140 0.015521 0.087782
3 0.072180 0.524911 0.013518 0.219454
3 0.103304 0.524911 0.013685 0.219454
3 0.138268 0.524911 0.013184 0.217082
3 0.169309 0.527877 0.013184 0.220641
3 0.300317 0.504152 0.014186 0.232503
3 0.333361 0.505931 0.013518 0.238434
3 0.367573 0.510083 0.013852 0.237248
3 0.402203 0.500000 0.014019 0.231317
3 0.535965 0.450771 0.013518 0.215896
3 0.624666 0.454330 0.014019 0.223013
3 0.657377 0.450771 0.012684 0.225386
3 0.693425 0.502372 0.014019 0.240807
3 0.728138 0.529063 0.013685 0.220641
3 0.762767 0.526690 0.014186 0.218268
3 0.818258 0.501186 0.013351 0.236062
3 0.852470 0.501779 0.013017 0.230130
12 0.021696 0.513642 0.025701 0.533808
