12 0.022520 0.520784 0.033073 0.561758
10 0.050440 0.469715 0.016453 0.198337
1 0.084760 0.548100 0.015955 0.115202
1 0.117584 0.465558 0.014791 0.118765
1 0.171348 0.543349 0.015622 0.110451
3 0.094565 0.395487 0.014625 0.266033
3 0.181070 0.403800 0.016121 0.270784
0 0.206000 0.470309 0.017118 0.125891
1 0.305717 0.428147 0.016453 0.103325
1 0.343111 0.465558 0.017451 0.109264
1 0.379757 0.469121 0.016620 0.111639
1 0.420725 0.540974 0.019113 0.127078
3 0.305219 0.581354 0.019113 0.241093
3 0.343527 0.613420 0.017617 0.226841
8 0.405933 0.277316 0.046036 0.174584
0 0.457454 0.612827 0.018448 0.133017
1 0.565481 0.576010 0.018780 0.099762
1 0.623317 0.538599 0.016121 0.112827
1 0.663370 0.504157 0.016121 0.103325
1 0.700848 0.540974 0.015622 0.108076
1 0.759349 0.567696 0.017284 0.111639
8 0.648164 0.294537 0.049194 0.125891
0 0.836380 0.610451 0.016786 0.121140
11 0.851338 0.611639 0.006814 0.066508
5 0.944657 0.492280 0.017949 0.257720
