12 0.022788 0.523214 0.031501 0.546429
18 0.086126 0.721429 0.025469 0.107143
3 0.096180 0.573214 0.017091 0.248810
3 0.127346 0.527381 0.016421 0.261905
3 0.162031 0.510714 0.014410 0.273810
3 0.191773 0.472024 0.015918 0.284524
1 0.117125 0.676190 0.015416 0.100000
1 0.151726 0.648214 0.014913 0.096429
1 0.182808 0.613690 0.015080 0.120238
1 0.214393 0.575000 0.014243 0.109524
1 0.261813 0.569643 0.016924 0.096429
1 0.332021 0.539881 0.015248 0.103571
1 0.385221 0.542857 0.016086 0.104762
0 0.438086 0.576190 0.015918 0.109524
1 0.538790 0.541667 0.015248 0.102381
1 0.589477 0.472024 0.017091 0.113095
1 0.643683 0.503571 0.019269 0.092857
1 0.678619 0.545238 0.016086 0.107143
1 0.714477 0.566667 0.015080 0.104762
1 0.748576 0.613095 0.016253 0.114286
3 0.643013 0.657738 0.019269 0.234524
3 0.688170 0.391071 0.014745 0.294048
3 0.724196 0.429167 0.015080 0.267857
3 0.758378 0.468452 0.020442 0.284524
1 0.803954 0.643452 0.016421 0.115476
1 0.854725 0.678571 0.017091 0.100000
18 0.903820 0.717857 0.023458 0.097619
5 0.953753 0.495833 0.014745 0.241667
