12 0.023710 0.517857 0.032004 0.557143
1 0.061914 0.469048 0.014578 0.104762
1 0.093582 0.457738 0.015583 0.091667
1 0.124832 0.468452 0.015080 0.098810
1 0.157507 0.464286 0.014745 0.100000
1 0.189259 0.575000 0.016924 0.092857
3 0.062584 0.616071 0.016253 0.217857
3 0.094169 0.614881 0.017426 0.227381
3 0.125000 0.615476 0.017426 0.226190
3 0.157423 0.617857 0.017929 0.221429
5 0.237852 0.501190 0.015583 0.261905
1 0.306384 0.473214 0.013572 0.098810
1 0.339393 0.475000 0.015583 0.111905
1 0.373157 0.472619 0.014745 0.107143
1 0.407842 0.470833 0.015751 0.115476
3 0.306971 0.618452 0.017091 0.215476
3 0.339645 0.613690 0.016756 0.225000
3 0.373576 0.612500 0.019269 0.234524
3 0.407507 0.614286 0.019102 0.221429
1 0.441019 0.572024 0.016086 0.098810
5 0.490868 0.491667 0.014578 0.242857
1 0.562584 0.472024 0.015248 0.105952
1 0.611847 0.502976 0.016588 0.098810
1 0.645945 0.538690 0.017426 0.108333
1 0.679206 0.572024 0.015248 0.103571
3 0.611595 0.657143 0.017761 0.228571
3 0.656166 0.393452 0.016421 0.270238
1 0.729390 0.613690 0.016086 0.113095
1 0.801273 0.644048 0.013740 0.095238
1 0.850117 0.575000 0.015918 0.095238
1 0.902061 0.676190 0.015583 0.100000
5 0.951575 0.501786 0.014075 0.253571
