12 0.022872 0.513095 0.032674 0.542857
18 0.061746 0.720238 0.024631 0.095238
3 0.072051 0.572619 0.016086 0.266667
1 0.094755 0.676786 0.015248 0.101190
3 0.104725 0.529762 0.015080 0.259524
3 0.137232 0.500595 0.013070 0.265476
3 0.173425 0.469048 0.014410 0.269048
1 0.127597 0.647024 0.015248 0.103571
1 0.163539 0.610119 0.014075 0.113095
1 0.194705 0.569048 0.015080 0.100000
1 0.247235 0.573810 0.017259 0.100000
1 0.318532 0.536310 0.014745 0.113095
1 0.369303 0.537500 0.016086 0.108333
0 0.422671 0.570238 0.015918 0.107143
1 0.522788 0.542262 0.016086 0.108333
1 0.575989 0.466667 0.014578 0.121429
1 0.628686 0.504762 0.017426 0.100000
3 0.628519 0.653571 0.018097 0.230952
1 0.664042 0.542857 0.015751 0.114286
3 0.673341 0.395833 0.013908 0.260714
3 0.710121 0.429762 0.014410 0.264286
3 0.745141 0.475595 0.014410 0.270238
1 0.699816 0.568452 0.014913 0.096429
1 0.735338 0.608333 0.015248 0.116667
1 0.790885 0.645238 0.015751 0.097619
1 0.842661 0.675000 0.016756 0.109524
18 0.896113 0.713095 0.023123 0.116667
5 0.950486 0.489286 0.018264 0.261905
