12 0.020645 0.520142 0.032226 0.545024
15 0.047499 0.352488 0.012085 0.228673
1 0.109852 0.675948 0.017623 0.103081
1 0.158107 0.568720 0.016113 0.094787
11 0.173464 0.532583 0.006546 0.069905
1 0.229523 0.562796 0.015945 0.101896
3 0.239594 0.431872 0.013595 0.264218
3 0.228936 0.708531 0.018463 0.234597
1 0.270728 0.572867 0.018463 0.098341
1 0.329977 0.489336 0.015441 0.099526
1 0.330648 0.575237 0.017791 0.091232
1 0.409869 0.526066 0.015441 0.090047
1 0.409030 0.606043 0.016113 0.077014
11 0.424052 0.537915 0.006882 0.054502
11 0.424639 0.607820 0.006714 0.052133
1 0.481873 0.562796 0.015777 0.092417
1 0.481705 0.645142 0.017456 0.079384
3 0.491944 0.438389 0.013427 0.251185
1 0.523246 0.526659 0.015945 0.091232
1 0.523330 0.609005 0.017456 0.078199
1 0.581739 0.495261 0.018463 0.094787
1 0.581823 0.603673 0.016616 0.093602
1 0.661967 0.571090 0.018463 0.104265
11 0.676821 0.536730 0.009567 0.059242
1 0.735901 0.569313 0.015274 0.088863
3 0.745552 0.434834 0.014099 0.263033
3 0.735650 0.716825 0.017791 0.225118
1 0.774001 0.488152 0.015609 0.094787
1 0.774169 0.575237 0.016952 0.091232
1 0.831487 0.419431 0.016784 0.080569
1 0.831151 0.501185 0.017791 0.080569
0 0.911799 0.382109 0.016281 0.098341
0 0.911799 0.468602 0.019302 0.091232
11 0.927492 0.386848 0.008728 0.060427
11 0.927828 0.470379 0.009735 0.063981
