12 0.019889 0.530539 0.033400 0.543713
15 0.047919 0.360479 0.014267 0.220359
1 0.083921 0.382635 0.016113 0.085030
1 0.083837 0.471257 0.017288 0.104192
1 0.141155 0.420958 0.015106 0.089820
1 0.141155 0.504790 0.016113 0.077844
11 0.158359 0.392216 0.006882 0.056287
11 0.158694 0.471856 0.007889 0.050299
1 0.216096 0.500000 0.015274 0.082635
1 0.216264 0.580240 0.015945 0.077844
3 0.225495 0.366467 0.014267 0.265868
1 0.255539 0.498802 0.015274 0.085030
1 0.256126 0.576647 0.016784 0.082635
1 0.314703 0.576048 0.014770 0.095808
1 0.394092 0.526946 0.015106 0.093413
1 0.393588 0.614970 0.015777 0.092216
11 0.410708 0.531737 0.008056 0.057485
11 0.410792 0.615569 0.008896 0.057485
1 0.467103 0.570659 0.015441 0.077844
1 0.467271 0.646108 0.015441 0.073054
3 0.476838 0.441317 0.016113 0.257485
1 0.506546 0.527545 0.015106 0.087425
1 0.506965 0.616766 0.017288 0.095808
1 0.567053 0.497605 0.014938 0.089820
1 0.567472 0.673653 0.015777 0.092216
1 0.647784 0.575449 0.015609 0.089820
11 0.662806 0.530539 0.005707 0.052695
1 0.719201 0.640120 0.015441 0.094611
1 0.719117 0.759880 0.016952 0.073054
16 0.719285 0.716168 0.025008 0.038323
3 0.729020 0.502395 0.014602 0.252695
1 0.757805 0.634731 0.017791 0.095808
18 0.757133 0.719162 0.024505 0.082635
1 0.817137 0.658683 0.015609 0.088623
18 0.830648 0.723353 0.024505 0.081437
0 0.898875 0.573653 0.016281 0.098204
0 0.899295 0.761677 0.017120 0.076647
16 0.898708 0.713174 0.025008 0.046707
11 0.913729 0.530539 0.006378 0.059880
11 0.913813 0.753293 0.006882 0.059880
