12 0.019554 0.521327 0.029037 0.523697
15 0.047331 0.354265 0.013427 0.229858
1 0.083165 0.387441 0.016616 0.080569
1 0.083585 0.472156 0.016784 0.095972
1 0.141323 0.421801 0.015441 0.078199
1 0.141407 0.501777 0.015609 0.084123
11 0.158359 0.398104 0.007217 0.049763
11 0.158359 0.464455 0.007553 0.052133
1 0.216012 0.493483 0.015777 0.079384
1 0.216432 0.571090 0.016281 0.082938
3 0.225663 0.357820 0.013931 0.255924
1 0.255958 0.490521 0.016448 0.085308
1 0.256042 0.571090 0.017623 0.078199
1 0.314787 0.573460 0.014602 0.092417
1 0.394092 0.523104 0.016113 0.091232
1 0.393672 0.606043 0.016616 0.074645
11 0.410205 0.536137 0.007385 0.058057
11 0.410373 0.604265 0.007721 0.047393
1 0.467019 0.568128 0.015609 0.081754
1 0.467187 0.646327 0.015609 0.081754
3 0.476418 0.431280 0.013931 0.263033
1 0.506798 0.524289 0.017959 0.086493
1 0.506798 0.606635 0.018630 0.075829
1 0.566801 0.385664 0.016784 0.081754
1 0.566465 0.472749 0.017120 0.094787
1 0.647784 0.420616 0.016616 0.082938
1 0.647617 0.500000 0.017623 0.082938
11 0.663394 0.396327 0.006882 0.050948
11 0.662722 0.466232 0.007889 0.048578
1 0.719117 0.489929 0.015609 0.088863
1 0.719453 0.572275 0.016281 0.085308
3 0.728768 0.360190 0.016113 0.255924
1 0.757637 0.494076 0.016448 0.080569
1 0.757553 0.573460 0.017288 0.085308
1 0.817808 0.422986 0.015274 0.080569
1 0.817640 0.499408 0.016281 0.072275
0 0.898540 0.386848 0.016952 0.088863
0 0.898708 0.472749 0.017959 0.097156
11 0.913646 0.393365 0.007553 0.054502
11 0.913897 0.464455 0.007385 0.049763
