12 0.020141 0.526347 0.029540 0.532934
15 0.047415 0.356287 0.013931 0.219162
1 0.083585 0.386228 0.015441 0.094611
1 0.083249 0.479042 0.015441 0.098204
1 0.140735 0.417964 0.016281 0.091018
1 0.140819 0.507186 0.017120 0.085030
1 0.215928 0.494012 0.015274 0.087425
1 0.216180 0.579042 0.016113 0.077844
1 0.255707 0.492814 0.014602 0.089820
1 0.255791 0.581437 0.015777 0.085030
1 0.314283 0.576048 0.015945 0.095808
1 0.394092 0.529940 0.014770 0.085030
1 0.394344 0.614970 0.015609 0.094611
1 0.466851 0.568263 0.014938 0.085030
1 0.467187 0.652096 0.015274 0.082635
1 0.506714 0.525150 0.016784 0.097006
1 0.506798 0.620359 0.017288 0.095808
1 0.566213 0.496407 0.014938 0.097006
1 0.566969 0.676647 0.015106 0.095808
1 0.647952 0.576048 0.015945 0.093413
1 0.647952 0.755689 0.013595 0.071856
1 0.719117 0.637126 0.014267 0.083832
1 0.719117 0.752096 0.013931 0.062275
1 0.757469 0.638323 0.015441 0.081437
11 0.158275 0.389222 0.007049 0.055090
11 0.158610 0.468263 0.006714 0.043114
3 0.225579 0.363473 0.014099 0.250299
11 0.410624 0.534132 0.006210 0.057485
11 0.410792 0.609581 0.007217 0.047904
3 0.476083 0.437126 0.014267 0.265868
11 0.663226 0.530539 0.007553 0.052695
11 0.663142 0.749102 0.006714 0.056287
3 0.728432 0.505389 0.013427 0.258683
16 0.647868 0.708982 0.024505 0.043114
16 0.718949 0.708383 0.026015 0.044311
18 0.757217 0.720359 0.023666 0.080240
1 0.817724 0.665269 0.015106 0.082635
18 0.832914 0.716168 0.021987 0.091018
0 0.898540 0.572455 0.016952 0.098204
0 0.898792 0.755689 0.016448 0.069461
16 0.898624 0.711377 0.024505 0.038323
11 0.913562 0.531138 0.006378 0.049102
11 0.913729 0.749701 0.006378 0.045509
