12 0.020394 0.519643 0.031687 0.536905
1 0.083684 0.540476 0.017023 0.104762
1 0.120934 0.544048 0.015675 0.100000
1 0.158773 0.572619 0.015844 0.092857
1 0.197792 0.546429 0.015001 0.102381
1 0.234957 0.570833 0.016181 0.089286
1 0.275072 0.548810 0.015506 0.095238
1 0.312321 0.544048 0.017192 0.107143
1 0.390780 0.542857 0.015338 0.109524
1 0.428620 0.545238 0.015169 0.095238
1 0.455250 0.545238 0.015506 0.097619
1 0.482218 0.575000 0.016181 0.100000
1 0.520394 0.544048 0.018372 0.116667
1 0.559582 0.571429 0.017192 0.102381
1 0.600371 0.542857 0.016181 0.095238
1 0.637620 0.544643 0.015506 0.094048
1 0.718692 0.542857 0.015506 0.104762
1 0.756026 0.536905 0.016349 0.121429
1 0.793949 0.568452 0.015338 0.108333
1 0.832800 0.543452 0.015844 0.110714
1 0.870133 0.569048 0.016349 0.104762
1 0.910501 0.542857 0.015506 0.107143
1 0.948424 0.541071 0.015169 0.110714
3 0.094050 0.398810 0.016855 0.257143
3 0.130541 0.400595 0.015675 0.272619
3 0.168127 0.432738 0.013990 0.263095
3 0.207146 0.398214 0.014495 0.258333
3 0.244649 0.430357 0.013990 0.263095
3 0.285185 0.401786 0.015844 0.272619
3 0.400893 0.404762 0.016349 0.266667
3 0.492837 0.433333 0.017866 0.271429
3 0.531182 0.398214 0.019046 0.270238
3 0.569863 0.433333 0.015506 0.285714
3 0.610737 0.400595 0.016686 0.272619
3 0.728552 0.401786 0.016012 0.270238
3 0.766054 0.404167 0.015169 0.267857
3 0.803388 0.430952 0.015675 0.278571
3 0.842660 0.401190 0.018035 0.273810
3 0.879740 0.427976 0.017023 0.277381
3 0.920276 0.396429 0.017192 0.278571
4 0.437890 0.405357 0.016181 0.282143
4 0.465110 0.400595 0.017023 0.289286
