1 0.059919 0.544048 0.015001 0.097619
1 0.095989 0.541667 0.014664 0.092857
1 0.131721 0.572024 0.014327 0.089286
1 0.168127 0.544643 0.015338 0.098810
1 0.203270 0.573214 0.016518 0.098810
1 0.239255 0.545833 0.015338 0.098810
1 0.276841 0.545833 0.016012 0.105952
1 0.350497 0.542857 0.015001 0.090476
1 0.386482 0.543452 0.014495 0.098810
1 0.413113 0.542857 0.015506 0.097619
1 0.438901 0.572619 0.014832 0.092857
1 0.474633 0.544048 0.014832 0.097619
1 0.512304 0.571429 0.015675 0.097619
1 0.547531 0.539286 0.016686 0.109524
1 0.586887 0.544643 0.015844 0.110714
1 0.662060 0.544643 0.014832 0.098810
1 0.701163 0.545238 0.015844 0.104762
1 0.728131 0.545238 0.015169 0.095238
1 0.755267 0.573214 0.015169 0.089286
1 0.792179 0.542262 0.015506 0.103571
1 0.817883 0.542857 0.015001 0.097619
1 0.844767 0.572024 0.015169 0.094048
1 0.883280 0.542857 0.016012 0.111905
1 0.910248 0.541667 0.015338 0.104762
1 0.935867 0.644643 0.016349 0.101190
3 0.069863 0.401190 0.016012 0.254762
3 0.105259 0.397619 0.015675 0.261905
3 0.140991 0.429167 0.014664 0.255952
3 0.177482 0.401190 0.016181 0.254762
3 0.213551 0.425000 0.015169 0.269048
3 0.249199 0.400595 0.018372 0.260714
3 0.359936 0.397024 0.016349 0.265476
3 0.449014 0.434524 0.017866 0.269048
3 0.484746 0.401786 0.015844 0.275000
3 0.522838 0.426190 0.017529 0.273810
3 0.557054 0.396429 0.018540 0.276190
3 0.671161 0.398214 0.017866 0.263095
3 0.763695 0.429762 0.018540 0.278571
3 0.854458 0.428571 0.016349 0.269048
4 0.395753 0.400000 0.015844 0.283333
4 0.422805 0.403571 0.016686 0.285714
4 0.710517 0.397619 0.015001 0.269048
4 0.737738 0.396429 0.017529 0.259524
4 0.801281 0.395833 0.014832 0.270238
4 0.828165 0.401190 0.013990 0.285714
4 0.893056 0.395833 0.016012 0.277381
4 0.920192 0.402381 0.014664 0.280952
12 0.021237 0.513690 0.032698 0.532143
