12 0.024889 0.529904 0.026043 0.531100
1 0.088264 0.657895 0.014010 0.086124
1 0.125845 0.581938 0.014340 0.087321
1 0.184111 0.656699 0.014834 0.083732
18 0.327427 0.734450 0.022911 0.088517
18 0.384374 0.734450 0.022087 0.081340
18 0.441239 0.734450 0.023405 0.083732
1 0.573430 0.658493 0.014505 0.092105
1 0.610763 0.581340 0.015329 0.086124
1 0.667958 0.657895 0.014670 0.086124
1 0.812675 0.683014 0.016318 0.093301
1 0.867397 0.684809 0.014670 0.099282
0 0.924757 0.688397 0.015988 0.096890
0 0.705868 0.583134 0.016318 0.092105
0 0.221361 0.579545 0.013845 0.084928
3 0.097659 0.519737 0.013351 0.257177
3 0.193588 0.521531 0.013351 0.258373
5 0.495962 0.501196 0.009560 0.222488
3 0.582908 0.526316 0.014010 0.279904
3 0.677270 0.524522 0.012527 0.273923
