12 0.024971 0.521557 0.027526 0.523353
1 0.064117 0.647904 0.015164 0.088623
1 0.101698 0.583234 0.015164 0.091018
1 0.161447 0.647904 0.014999 0.088623
1 0.310862 0.615569 0.015164 0.095808
1 0.370694 0.615569 0.014505 0.095808
1 0.430526 0.616766 0.014834 0.091018
1 0.489946 0.616766 0.014010 0.091018
1 0.531811 0.615569 0.014340 0.086228
1 0.591396 0.649701 0.014505 0.087425
1 0.649662 0.647904 0.015658 0.088623
1 0.709988 0.682036 0.016647 0.092216
1 0.766359 0.684431 0.014670 0.097006
17 0.846547 0.722754 0.022416 0.085030
11 0.861464 0.690419 0.005769 0.051497
5 0.950470 0.498204 0.012692 0.246707
3 0.074089 0.503593 0.013021 0.247904
3 0.171172 0.505389 0.013351 0.258683
3 0.499670 0.458683 0.014010 0.227545
3 0.542031 0.458683 0.014340 0.227545
0 0.201830 0.583832 0.014670 0.085030
