12 0.024724 0.518343 0.029009 0.520710
0 0.064447 0.610059 0.013845 0.102959
0 0.139113 0.540828 0.016483 0.104142
0 0.384210 0.650296 0.015494 0.086391
0 0.921790 0.573964 0.014340 0.075740
1 0.884045 0.571598 0.014340 0.082840
1 0.846959 0.646746 0.013681 0.084024
1 0.808554 0.680473 0.014670 0.085207
1 0.772210 0.650296 0.014834 0.086391
1 0.715510 0.684024 0.014834 0.080473
1 0.643976 0.614793 0.014834 0.093491
1 0.605077 0.650296 0.014834 0.084024
1 0.567661 0.682249 0.013516 0.084024
1 0.527031 0.649112 0.014010 0.079290
1 0.489863 0.614201 0.014175 0.094675
1 0.348113 0.651479 0.013845 0.086391
1 0.311192 0.575740 0.014834 0.084024
1 0.273364 0.540828 0.015329 0.087574
1 0.237844 0.574556 0.014175 0.088757
3 0.246992 0.429586 0.013351 0.246154
3 0.283171 0.409467 0.013516 0.265089
3 0.320669 0.436095 0.013681 0.252071
3 0.357013 0.509467 0.013845 0.252071
3 0.500082 0.453254 0.013516 0.224852
3 0.536921 0.510651 0.013021 0.254438
3 0.577056 0.526036 0.013516 0.216568
3 0.614637 0.509467 0.012856 0.256805
3 0.724246 0.541420 0.013516 0.254438
3 0.781935 0.515976 0.013186 0.260355
3 0.816713 0.526036 0.015164 0.218935
3 0.856107 0.507692 0.013516 0.248521
3 0.893522 0.425444 0.012856 0.247337
11 0.658315 0.604142 0.005274 0.041420
14 0.903906 0.676331 0.032965 0.067456
14 0.366244 0.736095 0.040877 0.089941
14 0.259024 0.682249 0.042031 0.093491
14 0.811109 0.758580 0.079446 0.082840
