12 0.025054 0.511243 0.026702 0.504142
1 0.064200 0.547929 0.014999 0.094675
1 0.106066 0.548521 0.014670 0.093491
1 0.149168 0.549704 0.014175 0.093491
1 0.191610 0.547337 0.015329 0.091124
1 0.233311 0.544379 0.014010 0.089941
1 0.297017 0.467456 0.013845 0.092308
1 0.340531 0.470414 0.015494 0.093491
1 0.404813 0.575148 0.013845 0.080473
1 0.461513 0.576923 0.016483 0.091124
1 0.771633 0.470414 0.014340 0.084024
1 0.814076 0.471598 0.014834 0.086391
5 0.854211 0.494083 0.011043 0.221302
3 0.074089 0.391124 0.014670 0.221302
3 0.116202 0.382840 0.013516 0.218935
3 0.159222 0.388757 0.012856 0.233136
3 0.201005 0.388166 0.014010 0.220118
3 0.298006 0.621302 0.015164 0.203550
3 0.341025 0.623669 0.015823 0.196450
3 0.772540 0.621302 0.015494 0.208284
3 0.814488 0.621302 0.016318 0.194083
20 0.520851 0.497041 0.026372 0.078107
20 0.913878 0.498817 0.023900 0.065089
19 0.676117 0.444379 0.023076 0.065089
