12 0.085352 0.520883 0.031416 0.509547
1 0.187074 0.541766 0.016465 0.090692
1 0.234387 0.612172 0.016086 0.095465
1 0.263626 0.676611 0.015897 0.093079
1 0.372067 0.680191 0.015140 0.081146
1 0.404428 0.611575 0.015519 0.087112
1 0.436317 0.501790 0.014572 0.094272
1 0.466597 0.543556 0.016086 0.096659
1 0.573145 0.432578 0.016465 0.094272
1 0.624811 0.470167 0.015329 0.097852
1 0.655848 0.393198 0.013815 0.096659
1 0.687074 0.427804 0.016086 0.089499
1 0.714989 0.499403 0.014762 0.089499
2 0.243282 0.455251 0.011544 0.199284
2 0.323713 0.569809 0.012680 0.215990
2 0.381624 0.523866 0.013437 0.205251
2 0.413796 0.457041 0.012680 0.212411
2 0.625757 0.619928 0.016086 0.184964
2 0.655942 0.554893 0.014005 0.205251
2 0.686601 0.580549 0.016654 0.192124
2 0.715556 0.654535 0.015140 0.189737
1 0.766181 0.539379 0.014194 0.083532
1 0.848221 0.542959 0.014762 0.097852
6 0.904712 0.495823 0.015708 0.170644
14 0.805356 0.593079 0.066427 0.085919
11 0.778293 0.513723 0.007381 0.048926
11 0.478236 0.520883 0.007192 0.046539
