12 0.085447 0.513593 0.031605 0.516548
1 0.170326 0.497045 0.015140 0.081560
1 0.222180 0.499409 0.015519 0.098109
1 0.252555 0.543144 0.016465 0.105201
1 0.301949 0.618794 0.016465 0.102837
1 0.366294 0.539007 0.014572 0.101655
1 0.397994 0.619385 0.015519 0.101655
1 0.429883 0.648936 0.015708 0.096927
1 0.464705 0.680851 0.016843 0.087470
1 0.567373 0.617021 0.018547 0.092199
1 0.621783 0.612884 0.015708 0.093381
1 0.652347 0.761820 0.017790 0.060284
1 0.705999 0.762411 0.018357 0.063830
1 0.766181 0.643617 0.014951 0.076832
1 0.846139 0.652482 0.017033 0.094563
3 0.221896 0.662530 0.014194 0.211584
3 0.310939 0.455083 0.012869 0.217494
3 0.375662 0.384752 0.012869 0.206856
3 0.406699 0.462175 0.013626 0.224586
3 0.439156 0.489953 0.012301 0.206856
3 0.629731 0.453310 0.011544 0.218676
3 0.715083 0.597518 0.014194 0.202128
11 0.778104 0.632979 0.006245 0.053191
14 0.804788 0.712175 0.063777 0.086288
16 0.652252 0.716903 0.025170 0.027187
16 0.706188 0.719858 0.023656 0.028369
11 0.476438 0.663712 0.007759 0.043735
6 0.906510 0.508274 0.015519 0.179669
