12 0.084974 0.516687 0.032930 0.511323
1 0.218868 0.680572 0.016086 0.088200
1 0.254069 0.612634 0.018736 0.100119
1 0.301949 0.681168 0.018736 0.087008
1 0.364023 0.610846 0.016465 0.089392
1 0.401400 0.571514 0.018547 0.096544
1 0.435182 0.503576 0.014951 0.094160
1 0.467544 0.538737 0.016465 0.095352
1 0.568887 0.433254 0.014005 0.084625
1 0.614875 0.540524 0.015897 0.089392
1 0.643925 0.612038 0.015329 0.098927
1 0.673259 0.638260 0.018736 0.084625
1 0.707702 0.677592 0.015329 0.079857
1 0.765519 0.542312 0.015897 0.095352
1 0.847275 0.542908 0.015897 0.091776
18 0.169095 0.786651 0.024035 0.090584
16 0.168244 0.717521 0.023846 0.030989
3 0.228047 0.527414 0.012491 0.208582
3 0.312263 0.530393 0.011355 0.200238
3 0.374338 0.454112 0.011355 0.214541
3 0.409538 0.419547 0.010977 0.200238
3 0.434235 0.659118 0.013815 0.193087
11 0.479939 0.519070 0.006813 0.048868
3 0.623297 0.387366 0.011166 0.205006
3 0.653104 0.455304 0.011734 0.200238
3 0.684235 0.488677 0.011544 0.200238
3 0.716503 0.529797 0.010977 0.206198
11 0.777536 0.520858 0.007002 0.040524
14 0.805356 0.596544 0.066427 0.082241
6 0.904807 0.504172 0.013626 0.159714
