12 0.085825 0.507757 0.030848 0.497613
1 0.166635 0.503580 0.015708 0.081146
1 0.221139 0.498807 0.014951 0.083532
1 0.255583 0.432578 0.016086 0.082339
1 0.308668 0.500597 0.015140 0.087112
1 0.365064 0.541169 0.017411 0.099045
1 0.418812 0.613962 0.015897 0.096659
1 0.450038 0.640811 0.016276 0.085919
1 0.504921 0.681384 0.016276 0.085919
1 0.567657 0.613365 0.016465 0.093079
1 0.624243 0.614558 0.017600 0.097852
1 0.656226 0.575776 0.016843 0.091885
1 0.706188 0.645585 0.018357 0.102625
1 0.762774 0.678401 0.016465 0.089499
1 0.845666 0.680191 0.017222 0.090692
14 0.803369 0.735084 0.067373 0.078759
11 0.775454 0.659905 0.008138 0.045346
6 0.715273 0.494033 0.012301 0.205251
3 0.633800 0.460621 0.012491 0.210024
3 0.514194 0.531026 0.011734 0.205251
3 0.427801 0.466587 0.013058 0.221957
3 0.307627 0.659905 0.013058 0.210024
3 0.220572 0.652745 0.013815 0.193317
6 0.895534 0.505370 0.014383 0.173031
