12 0.022804 0.520238 0.030125 0.530952
18 0.092561 0.720238 0.021205 0.083333
18 0.117890 0.726786 0.022383 0.084524
18 0.543251 0.722619 0.023561 0.083333
0 0.936301 0.572024 0.014305 0.084524
1 0.876304 0.547024 0.015483 0.089286
1 0.906429 0.544643 0.015483 0.084524
1 0.830360 0.542857 0.016493 0.090476
1 0.754039 0.510119 0.014978 0.086905
1 0.723578 0.513095 0.015315 0.088095
1 0.416358 0.575595 0.013463 0.084524
1 0.446735 0.617857 0.014978 0.102381
1 0.478879 0.655357 0.015651 0.096429
1 0.508583 0.681548 0.014137 0.086905
1 0.257068 0.574405 0.013968 0.082143
1 0.281050 0.575595 0.014473 0.086905
1 0.197156 0.653571 0.013968 0.090476
1 0.173763 0.650000 0.013632 0.088095
4 0.102154 0.562500 0.014137 0.220238
4 0.126220 0.567262 0.014473 0.227381
4 0.182935 0.511905 0.013127 0.259524
4 0.206664 0.509524 0.014810 0.250000
4 0.267334 0.430952 0.013632 0.257143
4 0.290979 0.440476 0.012790 0.269048
5 0.341468 0.503571 0.012454 0.238095
3 0.425783 0.435119 0.014473 0.260714
3 0.456412 0.483333 0.012790 0.257143
3 0.489145 0.511310 0.014305 0.258333
3 0.517923 0.529167 0.013968 0.227381
0 0.658701 0.475595 0.017839 0.103571
5 0.590626 0.499405 0.014978 0.229762
3 0.886065 0.383929 0.014810 0.227381
3 0.915937 0.384524 0.013968 0.228571
11 0.771205 0.472619 0.007573 0.052381
6 0.139936 0.530357 0.014642 0.125000
6 0.220380 0.528571 0.015651 0.126190
6 0.303517 0.538690 0.013632 0.127381
