12 0.022804 0.515476 0.029451 0.519048
1 0.063110 0.679167 0.014137 0.086905
1 0.090037 0.681548 0.013800 0.086905
1 0.119741 0.677976 0.014305 0.084524
1 0.149108 0.682738 0.015146 0.084524
1 0.179737 0.679762 0.014473 0.080952
1 0.224840 0.681548 0.015483 0.089286
1 0.352575 0.571429 0.014810 0.095238
1 0.382784 0.614286 0.013968 0.097619
1 0.411225 0.649405 0.013968 0.089286
1 0.441181 0.676786 0.014642 0.089286
1 0.614944 0.648810 0.013800 0.088095
1 0.646668 0.653571 0.014642 0.095238
1 0.675867 0.650595 0.014810 0.091667
1 0.758331 0.574405 0.013800 0.084524
1 0.789886 0.576190 0.014642 0.090476
1 0.819589 0.579762 0.015483 0.092857
1 0.852659 0.576786 0.014978 0.079762
1 0.883541 0.470238 0.016493 0.088095
1 0.914086 0.467857 0.016998 0.090476
1 0.943538 0.469643 0.013968 0.084524
3 0.072871 0.532738 0.012790 0.232143
3 0.099630 0.527976 0.013127 0.227381
3 0.129502 0.531548 0.013968 0.220238
3 0.159963 0.530357 0.014305 0.227381
3 0.363009 0.433333 0.013463 0.235714
0 0.287109 0.577381 0.014137 0.092857
3 0.392881 0.451190 0.013632 0.226190
3 0.421828 0.512500 0.013295 0.248810
3 0.451531 0.532143 0.014137 0.216667
3 0.500505 0.565476 0.013800 0.233333
3 0.530461 0.560714 0.014473 0.233333
3 0.563363 0.570238 0.012959 0.233333
3 0.592561 0.564881 0.013800 0.229762
3 0.624537 0.510119 0.013127 0.239286
3 0.656681 0.502381 0.014473 0.245238
3 0.686217 0.512500 0.013632 0.260714
18 0.490912 0.711905 0.021205 0.088095
18 0.520953 0.715476 0.021710 0.083333
18 0.554022 0.718452 0.022888 0.091667
18 0.584063 0.713095 0.022720 0.083333
3 0.768344 0.443452 0.013968 0.265476
3 0.799983 0.435119 0.013632 0.248810
3 0.829771 0.435119 0.013968 0.258333
3 0.861494 0.433333 0.014137 0.242857
3 0.882363 0.616071 0.015146 0.186905
3 0.913665 0.620833 0.016156 0.196429
3 0.944968 0.617857 0.018176 0.185714
